0.0 0.0 0.020247291743949857 0.010123645871974929 0.010123645871974929
0.05 -0.03181717274049263 0.13152052528847766 0.050618229359874645 -0.09247217692514581
0.1 -0.06216198760587434 0.16158741423921505 0.10115809046812006 -0.13257584070066172
0.15 -0.07215501972513388 0.15102941313125814 0.10107972221649084 -0.13227179203547434
0.2 -0.08222642009602267 0.13073868586371012 0.11117724533792268 -0.14239543790744924
0.25 -0.08220029734547961 0.13073868586371012 0.11115112258737961 -0.13231522755907255
0.3 -0.07207665147350467 0.08012045650383547 0.11112499983683652 -0.13227179203547434
0.35 -0.06195300560152975 0.0902441023758104 0.11117724533792268 -0.13227179203547434
0.4 -0.0518554824800979 0.06999681063186053 0.11117724533792268 -0.13222835651187614
0.45 -0.0518554824800979 0.06999681063186053 0.12130089120989762 -0.12214814616349941
0.5 -0.0518554824800979 0.059873164759885605 0.11120336808846575 -0.12219158168709762
0.55 -0.04175795935866604 0.049879825458705285 0.11117724533792268 -0.13235866308267075
0.6 -0.04175795935866604 0.019508887842780494 0.11117724533792268 -0.11211137133872087
0.65 -0.041784082109209114 0.019422016795584095 0.1314506598324156 -0.11215480686231909
0.7 -0.051907727981184044 -0.0007818394247675611 0.12130089120989762 -0.09190751511836923
0.75 -0.05193385073172712 -0.0007384039011693634 0.12130089120989762 -0.07166022337441937
0.8 -0.06210974210478819 -0.01230828489771214 0.13142453708187254 -0.061493141978846255
0.85 -0.07215501972513388 -0.0006515328539729676 0.14157430570439053 -0.051369496106871325
0.9 -0.09240231146908376 -0.012177978326917546 0.15172407432690854 -0.031165639886519665
0.95 -0.11264960321303359 -0.012177978326917546 0.1517763198279947 -0.02095512296734834
1.0 -0.11264960321303359 -0.022301624198892474 0.16189996569996962 0.010818614249546093
1.05 -0.10255208009160177 -0.012177978326917546 0.17199748882140145 0.010775178725947895
1.1 -0.11270184871411976 -0.012177978326917546 0.19224478056535133 0.031022470469897753
1.15 -0.1228254945860947 -0.012134542803319348 0.20239454918786937 0.06134997256222434
1.2 -0.1228254945860947 -0.022258188675294274 0.22264184093181918 0.07143018291060106
1.25 -0.14307278633004453 -0.01209110727972115 0.22264184093181918 0.081553828782576
1.3 -0.1430989090805876 -0.01209110727972115 0.24288913267576903 0.09163403913095274
1.35 -0.15322255495256254 -0.01209110727972115 0.25298665579720087 0.10175768500292766
1.4 -0.16332007807399437 -0.032294963500072806 0.27323394754115077 0.11188133087490257
1.45 -0.16332007807399437 -0.032294963500072806 0.2630841789186328 0.11183789535130438
1.5 -0.17341760119542626 -0.03225152797647461 0.25296053304665783 0.13208518709525424
1.55 -0.1632939553234513 -0.04233173832485134 0.2630580561680897 0.13204175157165604
1.6 -0.17341760119542626 -0.04237517384844954 0.2630841789186328 0.13204175157165604
1.65 -0.17341760119542626 -0.042418609372047736 0.2630841789186328 0.14220883296722917
1.7 -0.1632939553234513 -0.04237517384844954 0.2630841789186328 0.13204175157165604
1.75 -0.15319643220201948 -0.052368513149629876 0.25298665579720087 0.1419916553492382
1.8 -0.14307278633004453 -0.042201431754056745 0.24286300992522594 0.1520718656976149
1.85 -0.13294914045806963 -0.05232507762603168 0.23273936405325105 0.1521153012212131
1.9 -0.12285161733663776 -0.0624487234980066 0.2226157181812761 0.1521587367448113
1.95 -0.12285161733663776 -0.052368513149629876 0.21251819505984426 0.14203509087283636
2.0 -0.11272797146466282 -0.0624921590216048 0.21251819505984426 0.16228238261678624
2.05 -0.11272797146466282 -0.05228164210243348 0.20239454918786937 0.14194821982563996
2.1 -0.11272797146466282 -0.062361852450810204 0.21254431781038732 0.1419047843020418
2.15 -0.102630448343231 -0.062361852450810204 0.20239454918786937 0.1520284301740167
2.2 -0.09250680247125606 -0.062361852450810204 0.20242067193841243 0.16215207604599163
2.25 -0.09250680247125606 -0.062361852450810204 0.19229702606643748 0.1520284301740167
2.3 -0.08238315659928112 -0.062361852450810204 0.18217338019446255 0.16210864052239343
2.35 -0.08240927934982419 -0.07239862727558874 0.18219950294500564 0.16206520499879526
2.4 -0.08240927934982419 -0.07235519175199054 0.1720758570730307 0.16202176947519703
2.45 -0.07228563347784926 -0.07235519175199054 0.1720758570730307 0.1518546880796239
2.5 -0.07231175622839234 -0.062188110356417414 0.17210197982357375 0.1518546880796239
2.55 -0.07231175622839234 -0.07231175622839234 0.17210197982357375 0.1518546880796239
2.6 -0.07231175622839234 -0.062188110356417414 0.17210197982357375 0.1518546880796239
2.65 -0.07231175622839234 -0.07231175622839234 0.17210197982357375 0.16197833395159886
2.7 -0.07231175622839234 -0.07231175622839234 0.17210197982357375 0.1518546880796239
2.75 -0.07231175622839234 -0.062188110356417414 0.17210197982357375 0.1518546880796239
2.8 -0.07231175622839234 -0.062188110356417414 0.17210197982357375 0.1518546880796239
2.85 -0.07231175622839234 -0.062188110356417414 0.17210197982357375 0.1518546880796239
2.9 -0.07231175622839234 -0.07231175622839234 0.17210197982357375 0.1518546880796239
2.95 -0.07231175622839234 -0.07231175622839234 0.17210197982357375 0.1518546880796239
3.0 -0.07231175622839234 -0.07231175622839234 0.17210197982357375 0.1518546880796239
3.05 -0.07231175622839234 -0.07231175622839234 0.17210197982357375 0.1518546880796239
3.1 -0.07231175622839234 -0.07231175622839234 0.17210197982357375 0.1518546880796239
3.15 -0.07231175622839234 -0.07231175622839234 0.17210197982357375 0.1518546880796239
3.2 -0.07231175622839234 -0.062188110356417414 0.17210197982357375 0.1518546880796239
3.25 -0.07231175622839234 -0.07231175622839234 0.17210197982357375 0.1518546880796239
3.3 -0.07231175622839234 -0.07231175622839234 0.17210197982357375 0.1518546880796239
3.35 -0.07231175622839234 -0.062188110356417414 0.17210197982357375 0.1518546880796239
3.4 -0.07231175622839234 -0.062188110356417414 0.17210197982357375 0.1518546880796239
3.45 -0.07231175622839234 -0.062188110356417414 0.17210197982357375 0.1518546880796239
3.5 -0.07231175622839234 -0.062188110356417414 0.17210197982357375 0.1518546880796239
3.55 -0.07231175622839234 -0.062188110356417414 0.17210197982357375 0.1518546880796239
3.6 -0.07231175622839234 -0.07231175622839234 0.17210197982357375 0.1518546880796239
3.65 -0.07231175622839234 -0.07231175622839234 0.17210197982357375 0.1518546880796239
3.7 -0.062188110356417414 -0.062188110356417414 0.17210197982357375 0.1518546880796239
3.75 -0.07231175622839234 -0.07231175622839234 0.17210197982357375 0.1518546880796239
3.8 -0.07231175622839234 -0.062188110356417414 0.17210197982357375 0.1518546880796239
3.85 -0.07231175622839234 -0.062188110356417414 0.17210197982357375 0.1518546880796239
3.9 -0.07231175622839234 -0.07231175622839234 0.17210197982357375 0.1518546880796239
3.95 -0.07231175622839234 -0.062188110356417414 0.17210197982357375 0.16197833395159886
4.0 -0.07231175622839234 -0.07231175622839234 0.17210197982357375 0.1518546880796239
4.05 -0.07231175622839234 -0.07231175622839234 0.17210197982357375 0.1518546880796239
4.1 -0.07231175622839234 -0.062188110356417414 0.17210197982357375 0.16197833395159886
4.15 -0.07231175622839234 -0.062188110356417414 0.17210197982357375 0.1518546880796239
4.2 -0.07231175622839234 -0.062188110356417414 0.17210197982357375 0.1518546880796239
4.25 -0.07231175622839234 -0.07231175622839234 0.17210197982357375 0.1518546880796239
4.3 -0.07231175622839234 -0.07231175622839234 0.17210197982357375 0.1518546880796239
4.35 -0.07231175622839234 -0.062188110356417414 0.17210197982357375 0.1518546880796239
4.4 -0.07231175622839234 -0.07231175622839234 0.17210197982357375 0.1518546880796239
4.45 -0.07231175622839234 -0.062188110356417414 0.17210197982357375 0.1518546880796239
4.5 -0.07231175622839234 -0.062188110356417414 0.17210197982357375 0.16197833395159886
4.55 -0.07231175622839234 -0.07231175622839234 0.17210197982357375 0.1518546880796239
4.6 -0.07231175622839234 -0.062188110356417414 0.17210197982357375 0.1518546880796239
4.65 -0.07231175622839234 -0.07231175622839234 0.17210197982357375 0.16197833395159886
4.7 -0.062188110356417414 -0.062188110356417414 0.17210197982357375 0.1518546880796239
4.75 -0.07231175622839234 -0.07231175622839234 0.17210197982357375 0.1518546880796239
4.8 -0.07231175622839234 -0.07231175622839234 0.17210197982357375 0.1518546880796239
4.85 -0.07231175622839234 -0.062188110356417414 0.17210197982357375 0.1518546880796239
4.9 -0.07231175622839234 -0.07231175622839234 0.17210197982357375 0.16197833395159886
4.95 -0.062188110356417414 -0.07231175622839234 0.17210197982357375 0.1518546880796239
5.0 -0.07231175622839234 -0.062188110356417414 0.17210197982357375 0.1518546880796239
5.05 -0.07231175622839234 -0.062188110356417414 0.19234927156752363 0.1113601045917242
5.1 -0.041914695861924485 -0.16359831117055948 0.6187796513106938 -0.5994057372708889
5.15 -0.031791049989949555 -0.2854729813466424 0.8419534310980733 -0.9013036842848395
5.2 -0.04194081861246756 -0.315583305820978 0.912165883438321 -0.7679588670052377
5.25 -0.04194081861246756 -0.32540290302776553 0.7701736137252412 -0.4636285306697879
5.3 -0.021693526868517703 -0.3152792571557906 0.39451819984520403 0.11418341362560706
5.35 -0.011622126497628924 -0.32540290302776553 0.07008183858753225 0.5064992051097612
5.4 0.02014280074177756 -0.3369727840243083 -0.42808559687208275 0.910241708173836
5.45 0.07060429359839375 -0.3673437216402331 -0.6294613587887721 0.8975988019331657
5.5 0.28296575215497954 -0.35704633367386535 -0.6609128130216616 0.6033921114696905
5.55 0.3447097757521647 -0.17220171371659748 -0.5278853043119629 0.3343103542389909
5.6 -0.2856397565550719 0.8128275755307282 -0.3863632441086585 0.26295417952975897
5.65 -0.6819437872819039 1.06228300119368 -0.31460006564167065 0.25309114679937317
5.7 -0.9861589795461685 0.8260817479753683 -0.30481601552675575 0.25309114679937317
5.75 -0.9638907521657033 0.4210796147269455 -0.3252984120255932 0.25309114679937317
5.8 -0.6485853722593697 -0.20682933264514566 -0.31514864340307525 0.25309114679937317
5.85 -0.2732956768869357 -0.5984501557517286 -0.3049466292794711 0.25309114679937317
5.9 0.2840890304283318 -0.9716045435818877 -0.3251416755223348 0.2632147926713481
5.95 0.49677344583613325 -0.8983935042037604 -0.3871991721260369 0.2935857302872729
6.0 0.47597757633077886 -0.06618734740104644 -0.6097365220556837 0.46713394523541457
6.05 0.39509290035715167 0.10227891128610604 -0.528277145570109 0.2525264849925966
6.1 0.3244102385071287 -0.10316048460389732 0.2336275375717156 -0.8240499723384854
6.15 0.2727637380313755 -0.2552757858251104 0.7210182583957787 -1.0534752838754782
6.2 0.303422025903274 -0.2751321578566765 1.0658064023995726 -0.7468428647893238
6.25 0.2933245027818422 -0.25453738192394104 1.0955765167530067 -0.29012375124524437
6.3 0.10076624920997394 -0.26466102779591594 0.6370416140133701 0.2957140709435846
6.35 0.050278633602814676 -0.28490831953986584 0.2111336892810613 0.6687510150487765
6.4 0.040181110481382815 -0.29503196541184074 -0.42871254288511657 0.9596003073493629
6.45 0.1109682633335781 -0.3369727840243083 -0.5992994031771919 0.8061819404202039
6.5 0.37536806362406333 -0.2841699156386965 -0.49759273494766726 0.45305766671600356
6.55 0.26243111015505594 0.1731878679135287 -0.35580944723893215 0.3350487581401603
6.6 -0.44867248437309243 1.0152264847688575 -0.1927505966703685 0.32540290302776553
6.65 -0.8334588796044677 1.0611102420565288 -0.13253117644938042 0.31383302203122276
6.7 -1.036620472402785 0.6016546905257626 -0.14299441807841531 0.32540290302776553
6.75 -0.9638123839140741 0.18800571920770384 -0.11249286670977514 0.32540290302776553
6.8 -0.42581291757483525 -0.3887203369977361 -0.02132780836091466 0.32540290302776553
6.85 -0.030563280714425052 -0.7401506252816067 0.00023510475488767115 0.32540290302776553
6.9 0.45716703586669805 -0.9401042823524098 -0.05182935972955482 0.3456501947717154
6.95 0.5369023108164299 -0.747103477930913 -0.16303272781802056 0.4063486344799668
7.0 0.5063485139467037 -0.38442022016151456 -0.3565147615035952 0.30279723016368565
7.05 0.4153401921011016 -0.2642701080835322 -0.041052645094003026 -0.24484809128794813
7.1 0.28254778814629034 -0.2849951905870622 0.6190931243172108 -1.0363119143070005
7.15 0.22219775417258691 -0.2849951905870622 0.8923626784536033 -1.0524762668327197
7.2 0.25293441029611474 -0.31549643477378164 1.1567102332430024 -0.5430974543196504
7.25 0.27326007029169386 -0.30506874023661934 1.0247893639008117 -0.1293181764307969
7.3 0.14141756920113208 -0.3152792571557906 0.4447707106974756 0.4879024632625427
7.35 0.08051895746602408 -0.32540290302776553 -0.04311634238690591 0.8090052494540868
7.4 0.18196439819011798 -0.34709642989628325 -0.5192506552209433 0.9282737882142778
7.45 0.2931416435280407 -0.4078383051281328 -0.5381395639366532 0.6329812096608478
7.5 0.4257511882290503 -0.3246644991265962 -0.44702675108887874 0.10810244032185937
7.55 -0.02263394588806839 0.4272040235542914 -0.3764747029915712 0.10123645871974929
7.6 -0.7028702705399735 1.0237430162676993 -0.2841246370235736 0.20282040162828416
7.65 -0.9341206378122695 0.9375287236142886 -0.24396964929273388 0.2228939512778412
7.7 -0.9639168749162464 0.4303345501269564 -0.20363180230809258 0.2227202091834484
7.75 -0.7714892350970937 0.007213465790895672 -0.1530658184493041 0.2227202091834484
7.8 -0.26278018975681455 -0.5999703990776655 -0.1125451122108613 0.2227202091834484
7.85 0.10188952748332616 -0.8602010034665651 -0.0922455749658253 0.23284385505542335
7.9 0.5073673012178835 -0.8683700507766212 -0.15293520469658872 0.2632147926713481
7.95 0.5671687574301824 -0.44264283502466856 -0.31473067939438604 0.365854050992067
8.0 0.476029821831865 -0.14122267877029793 -0.2941437918933762 0.10045461929498173
8.05 0.3952757596109532 -0.15347466529858456 0.1727550485871506 -0.6300372880284029
8.1 0.29288041602260995 -0.26522568960269255 0.802347021128638 -1.0547783495834242
8.15 0.30336978040218787 -0.28508206163425864 1.0554998972737961 -1.0722457678170896
8.2 0.32522004377396396 -0.25453738192394104 1.2372814362101123 -0.3194088007712142
8.25 0.2629796879164605 -0.26466102779591594 0.911878533182347 0.07303729728373438
8.3 0.09082546259180053 -0.29503196541184074 0.1704040010382739 0.6499805311071652
8.35 0.08064957121873945 -0.28490831953986584 -0.24485782281119842 0.8989018676411116
8.4 0.25272542829177014 -0.34709642989628325 -0.5187543229606248 0.8163055862921788
8.45 0.4765522768427265 -0.4785735196611627 -0.4470528738394218 0.30883793681743
8.5 0.3127881120094998 0.0011293236135531438 -0.3965652582322626 0.08959256952183743
8.55 -0.2753071286787524 0.7813707498248483 -0.3244886067587579 0.14194821982563996
8.6 -0.844000489485132 1.0217884177057803 -0.24378679003893233 0.23323477476780713
8.65 -0.9959691524116269 0.7957542458830414 -0.22382684855095628 0.23293072610261972
8.7 -0.9031227541833107 0.20699338076730597 -0.183489001566315 0.23293072610261972
8.75 -0.6284425715175922 -0.19514200792363562 -0.13284464945589733 0.23284385505542335
8.8 -0.07074439119580786 -0.7516642079087238 -0.051777114228468674 0.23284385505542335
8.85 0.32563800778265317 -0.930024072004033 -0.08214805184439344 0.24296750092739827
8.9 0.5676389669399577 -0.6958771512406636 -0.21367707992843832 0.31383302203122276
8.95 0.5366933288120853 -0.31128318898475643 -0.3564886387530521 0.3655934378504779
9.0 0.4254377152225334 -0.1626427296513991 -0.06109095483360828 -0.2655731737914781
9.05 0.36506155849828686 -0.20444037884724478 0.4268483437518594 -0.8528137955812768
9.1 0.2728159835324616 -0.2754362065218639 0.9132107934600439 -1.1040066421881565
9.15 0.3035787624065325 -0.27482810919148914 1.0756949435166598 -0.7368060899645454
9.2 0.27318170204006464 -0.27478467366789094 0.911878533182347 -0.148305837990399
9.25 0.22235449067584537 -0.27478467366789094 0.5865017529051246 0.2841570527928691
9.3 0.16156036994290965 -0.28490831953986584 -0.023182523649472955 0.8104820572564255
9.35 0.1920619213115498 -0.29503196541184074 -0.3673437216402331 0.9702580423503434
9.4 0.35540812213608725 -0.37746736751220805 -0.53845303694317 0.6325034189012677
9.45 0.5776319990592172 -0.5489178144818089 -0.4268317048460151 0.12843660311300562
9.5 0.059592474207954285 0.3874044084439629 -0.36624656611742396 0.08055481173981745
9.55 -0.49895111797590713 0.9615549059112819 -0.3043719287675235 0.18265998093153069
9.6 -0.9345647245715017 0.9583841126886132 -0.25401492691307953 0.24331498511618388
9.65 -1.0059099390298 0.6124733047753088 -0.2340549854251035 0.24305437197459465
9.7 -0.8018340499624753 -0.004386987883417982 -0.1835151243168581 0.24301093645099647
9.75 -0.4666732195703379 -0.40757769198654364 -0.1327662812042681 0.24296750092739827
9.8 0.11253562836616254 -0.8716711505700843 -0.06187463734990052 0.25309114679937317
9.85 0.446651548736577 -0.919031715660094 -0.12259038983120701 0.2632147926713481
9.9 0.5570973570592936 -0.45163715728309034 -0.30463315627295423 0.38614477825961513
9.95 0.5064268821983329 -0.191710601559378 -0.40697625436021134 0.3246644991265962
10.0 0.4052687917302128 -0.15317061663339718 0.1831660447150994 -0.6210429657699811
10.05 0.33482123463507746 -0.2552323503015122 0.6389485748030145 -0.9942536519695656
10.1 0.29316776627858376 -0.29550975617142095 1.0457942154105107 -0.9700843002559508
10.15 0.3036048851570755 -0.28490831953986584 1.115954422249672 -0.5231976467644861
10.2 0.23260875030053568 -0.28490831953986584 0.8003878148379074 0.08459431543444984
10.25 0.18188602993848874 -0.29503196541184074 0.39446595434411785 0.47647575168262196
10.3 0.14136532370004593 -0.3051556112838157 -0.22513298607811 0.9407429523605553
10.35 0.21230921305549968 -0.32540290302776553 -0.4883311398436138 0.9580800640234259
10.4 0.4666637357256392 -0.4888274721039323 -0.46730016558337173 0.3190613165824286
10.45 0.5065574959510482 -0.3461408483771229 -0.44715736484159413 0.10970955469499268
10.5 -0.2758295836896139 0.7728542183260068 -0.3243841157565856 0.13160739633567406
10.55 -0.7022955700280259 1.0524199684632942 -0.284281373526832 0.21311778959465186
10.6 -1.0064323940406616 0.8261251834989665 -0.2440480175443631 0.24318467854538928
10.65 -0.995707924906196 0.4209493081561509 -0.24428312229925078 0.24305437197459465
10.7 -0.6601552532559125 -0.20678589712154746 -0.19361264743829 0.24296750092739827
10.75 -0.2833148317567383 -0.5984067202281304 -0.14286380432569992 0.25309114679937317
10.8 0.3261865855440577 -0.941233605965963 -0.13271403570318194 0.2632147926713481
10.85 0.5068970917081081 -0.8679791310642374 -0.16303272781802056 0.2935857302872729
10.9 0.5467908519335172 -0.1878448399591384 -0.40726360461618516 0.4468866534914646
10.95 0.4659322987104331 -0.07148648128002658 -0.29393480988903165 0.14090576725928322
11.0 0.35478117612305343 -0.16377205326495226 0.4273185532616347 -0.8645011203027869
11.05 0.2930632752764114 -0.2856467234410352 0.8018506888683196 -1.0737225756194282
11.1 0.31357179452579204 -0.27500185128588195 1.096046726262782 -0.7569665106612989
11.15 0.28325310241095336 -0.27478467366789094 1.0448537963909599 -0.3726025888692099
11.2 0.19203579856100672 -0.28490831953986584 0.5965209077749273 0.28563386059520784
11.25 0.14139144645058901 -0.29503196541184074 0.17074359679533388 0.6687944505723747
11.3 0.151541215073107 -0.3051556112838157 -0.38803510014341525 0.9814241407886752
11.35 0.2323997682961911 -0.34709642989628325 -0.5283816365722812 0.8262989255933593
11.4 0.5069493372091943 -0.48869716553313763 -0.46727404283282864 0.20760147809768073
11.45 0.23174669953261423 0.03163056780027252 -0.4067411496053237 0.11092574935574223
11.5 -0.5095972188587435 0.9852899023889148 -0.30424131501480806 0.1925664491855146
11.55 -0.8535755575957023 1.030739304440604 -0.26416469553559757 0.24327154959258565
11.6 -1.0466135045220446 0.6222929019820963 -0.24412638579599233 0.28363582650969077
11.65 -0.9856104017847641 0.18783197711331107 -0.2645826595442867 0.28359239098609257
11.7 -0.5069849438044362 -0.39893085391690747 -0.183489001566315 0.28346208441529797
11.75 -0.05078444970783184 -0.7501874001063851 -0.13271403570318194 0.28346208441529797
11.8 0.45732377236995647 -0.9400608468288115 -0.16311109606964977 0.3037093761592478
11.85 0.5368500653153438 -0.6858838119394834 -0.24396964929273388 0.3658974865156652
11.9 0.49612037707255635 -0.11862986875204541 -0.4172566367354448 0.3960946820371972
11.95 0.41539243760218775 -0.07222488518119594 -0.07134521445829858 -0.20444037884724478
12.0 0.3245408522598441 -0.2451521399531355 0.6294518749440734 -1.0063753319270576
12.05 0.2932200117796699 -0.2753493354746675 0.9228903525727866 -1.0625564771810967
12.1 0.2833053479120395 -0.28495175506346404 1.0654668066425128 -0.543010583272454
12.15 0.24273239617251058 -0.28490831953986584 0.8915528731867679 -0.15977598509391805
12.2 0.16163873819453886 -0.28490831953986584 0.38410720371725526 0.4879893343097391
12.25 0.12106578645500994 -0.29503196541184074 -0.012484177265550386 0.8292525411980367
12.3 0.19200967581046366 -0.3152792571557906 -0.47870382623195734 0.958731596877399
12.35 0.2931155207774976 -0.387591013384183 -0.5381656866871962 0.6227706927416765
12.4 0.4359009568515682 -0.3247079346501944 -0.4571765197113968 0.11839982828822708
12.45 -0.022607823137525313 0.44736444425104477 -0.3764485802410281 0.10123645871974929
12.5 -0.7028702705399735 1.0338232266160758 -0.2942482828955485 0.22311112889583218
12.55 -0.9341206378122695 0.947695805009862 -0.2642430637872268 0.23301759714981615
12.6 -1.0059883072814293 0.4100003873358103 -0.2746018144140894 0.27355561616131413
12.65 -0.8323094785805725 -0.0028667445574810575 -0.2544067681712257 0.27333843854332307
12.7 -0.2930466363705671 -0.5896730111112977 -0.1934820336855746 0.27333843854332307
12.75 0.14259309297557043 -0.8602878745137617 -0.16305885056856362 0.28346208441529797
12.8 0.5377643615843515 -0.8683700507766212 -0.2440741402949062 0.31383302203122276
12.85 0.5062701456950743 -0.38177065322202447 -0.38701631287223537 0.4165157158755399
12.9 0.445632761465397 -0.009354669293034686 -0.3663771798701393 0.22202524080587727
12.95 0.3649048219950284 -0.0624921590216048 0.13226046509925093 -0.5492652986705945
13.0 0.292906538773153 -0.27560994861625665 0.7922233752566632 -1.0652060441205866
13.05 0.2932983800312991 -0.264878205413907 1.0049339134150077 -0.8784502611249981
13.1 0.27318170204006464 -0.26466102779591594 1.0146134725277502 -0.33097868176775697
13.15 0.21233533580604275 -0.27478467366789094 0.770095245473612 0.07295042623653798
13.2 0.11104663158520729 -0.27478467366789094 0.19065129278222379 0.6702278228511153
13.25 0.08064957121873945 -0.27478467366789094 -0.2145130079458167 0.9090689490366846
13.3 0.18188602993848874 -0.3369727840243083 -0.5592489064485244 0.8062253759438021
13.35 0.37534194087352024 -0.46849330931278593 -0.4773715659542605 0.37093917612665106
13.4 0.23182506778424347 0.0921118298905329 -0.4269361958481875 0.15033444475368699
13.45 -0.28545689730127044 0.8017917836631909 -0.3461821336272756 0.1825296743607361
13.5 -0.8339290891142431 1.0220055953237714 -0.24378679003893233 0.24344529168697845
13.55 -0.9858716292901948 0.8564526855912931 -0.21372932542952447 0.28363582650969077
13.6 -0.9639429976667895 0.19678286384813465 -0.24430924504979382 0.3038831182536406
13.65 -0.7007543277459845 -0.1848011844336697 -0.20371017055972182 0.3037093761592478
13.7 -0.05039260844968572 -0.7414971265131508 -0.11246674395923208 0.3037093761592478
13.75 0.32569025328373935 -0.9198569906084599 -0.12259038983120701 0.31383302203122276
13.8 0.537268029324033 -0.675673295020312 -0.23392437167238814 0.38614477825961513
13.85 0.5467647291829741 -0.24033079683373554 -0.40710686811292673 0.4769969779658003
13.9 0.4153401921011016 -0.08161012715200151 -0.08136436932810122 -0.2149549444316035
13.95 0.36506155849828686 -0.17419974780211459 0.42690058925294555 -0.852857231104875
14.0 0.2930893980269545 -0.2755665130926585 0.9132107934600439 -1.0534752838754782
14.05 0.29342899378401444 -0.27482810919148914 1.035095869026588 -0.7367626544409472
14.1 0.25290828754557165 -0.27478467366789094 0.871331704193361 -0.1586032259567667
14.15 0.2122569675544135 -0.28490831953986584 0.5663067066622609 0.2943241341884423
14.2 0.1616126154439958 -0.28490831953986584 -0.0013845057787829525 0.8307293490003754
14.25 0.1920619213115498 -0.3051556112838157 -0.35722007576825815 0.9702580423503434
14.3 0.32495881626853323 -0.387591013384183 -0.5385052824442562 0.6122561271573178
14.35 0.5371374155713177 -0.5490046855290053 -0.46735241108445785 0.13851681346138234
14.4 -0.012693159269894982 0.38731753739676644 -0.3763702119893989 0.08051137621621925
14.45 -0.5191984097198571 0.9935892562697654 -0.3246192205114733 0.18265998093153069
14.5 -0.9345647245715017 0.9381802564682616 -0.2742883414075725 0.24327154959258565
14.55 -1.0160858304028613 0.6225969506472837 -0.2543545226701395 0.24314124302179108
14.6 -0.7918148950926728 0.005562915894164155 -0.23421172192836195 0.24305437197459465
14.65 -0.4666470968197948 -0.4176579023349204 -0.19353427918666075 0.25309114679937317
14.7 0.12273764248976671 -0.8514672943497327 -0.1630849733191067 0.2632147926713481
14.75 0.446651548736577 -0.9595262991479936 -0.2036056795575495 0.27333843854332307
14.8 0.5165766508208508 -0.39085184652764265 -0.3871469266249507 0.38614477825961513
14.85 0.4962248680747287 -0.03942155824377208 -0.4980890672079857 0.4160379251159598
14.9 0.374897854114288 -0.07226832070479414 0.1427237067282858 -0.5500905736189602
14.95 0.3131538305171028 -0.2251220258271766 0.6188057740612369 -1.0046379109831298
15.0 0.293246134530213 -0.26522568960269255 1.0154232777945857 -0.868760970489005
15.05 0.2934551165345576 -0.26466102779591594 1.0653100701392542 -0.5131608719397075
15.1 0.23258262754999265 -0.27478467366789094 0.7700429999725258 0.0745141050860731
15.15 0.18185990718794567 -0.27478467366789094 0.40464184571717904 0.48659939755459686
15.2 0.1311633095764418 -0.28490831953986584 -0.21498321745559204 0.9204087895694092
15.25 0.1819121526890318 -0.3051556112838157 -0.4883833853447 0.9377893367558778
15.3 0.4160455063657646 -0.47870382623195734 -0.46732628833391476 0.2973677897139109
15.35 0.405347159981842 -0.31414993354223747 -0.45730713346411217 0.10988329678938548
15.4 -0.2756989699368985 0.7930146390227601 -0.3460776426251034 0.1518546880796239
15.45 -0.7022694472774829 1.042166016020525 -0.2842291280257459 0.21298748302385728
15.5 -0.9962826254181436 0.836379135941736 -0.233872126171302 0.24318467854538928
15.55 -0.9857148927869362 0.4411097288529043 -0.23421172192836195 0.2533083244173642
15.6 -0.6385400946390241 -0.20695963921594024 -0.1936910156899192 0.2632582281949464
15.65 -0.273060572132048 -0.598319849180934 -0.16305885056856362 0.25309114679937317
15.7 0.30454530417662623 -0.931109960093988 -0.16305885056856362 0.27333843854332307
15.75 0.51699461482954 -0.8578989207158608 -0.22380072580041319 0.3037093761592478
15.8 0.5467908519335172 -0.14743712751843507 -0.43766066498265305 0.46713394523541457
15.85 0.44568500696648317 -0.030948462268528678 -0.3243057475049564 0.19135025452476506
15.9 0.33453388437910364 -0.15356153634578096 0.4171949073896599 -0.8443406996060335
15.95 0.2930632752764114 -0.2755230775690603 0.8018245661177765 -1.0534752838754782
16.0 0.3251416755223348 -0.26483476989030874 1.116294018006732 -0.7467994292657256
16.05 0.31365016277742125 -0.26466102779591594 1.0752247340068846 -0.3625223785208331
16.1 0.20221168993406782 -0.27478467366789094 0.5965209077749273 0.28559042507160964
16.15 0.14139144645058901 -0.27478467366789094 0.16064607367390205 0.6789180964443496
16.2 0.17178850681705685 -0.29503196541184074 -0.3779114542714403 0.9495200970009863
16.25 0.24257565966925212 -0.3369727840243083 -0.5284077593228242 0.8060516338494094
16.3 0.5474700434476372 -0.5191549741962589 -0.4470528738394218 0.1568529421670115
16.35 0.29238408376229147 -0.02056420325496456 -0.4067411496053237 0.08051137621621925
16.4 -0.5197469874812616 0.9752531275641364 -0.30424131501480806 0.1926967557563092
16.45 -0.8434257889731843 1.0409498213597754 -0.27431446415811556 0.24335842063978202
16.5 -1.0263923355286377 0.6323296768068749 -0.24412638579599233 0.25322145337016777
16.55 -0.9335198145497786 0.19795562298528602 -0.25445901367231183 0.25317801784656957
16.6 -0.47658788343796826 -0.39893085391690747 -0.20371017055972182 0.2632147926713481
16.65 -0.07105786420232477 -0.7502742711535816 -0.1630849733191067 0.2632147926713481
16.7 0.44717400374743843 -0.9502279282243848 -0.21372932542952447 0.28346208441529797
16.75 0.5368500653153438 -0.69596402228786 -0.30468540177404035 0.3456501947717154
16.8 0.4758992080791496 -0.02751705590427105 -0.5083694495832192 0.4365458300014987
16.85 0.39514514585823785 8.687104719639568e-5 -0.15230825868355494 -0.1538655850109683
16.9 0.31297097126330137 -0.21478120233721074 0.5990809373281486 -0.9961648150078863
16.95 0.30336978040218787 -0.2753058999510693 0.9127667067008115 -1.0524328313091216
17.0 0.34549345826845695 -0.24445717157556435 1.197074202978187 -0.532886937400479
17.05 0.3135979172763351 -0.24441373605196615 1.0043330901525171 -0.1395721288735664
17.1 0.18188602993848874 -0.26466102779591594 0.38410720371725526 0.4880327698333374
17.15 0.13124167782807103 -0.28490831953986584 -0.042881237632018246 0.8090921205012831
17.2 0.2122830903049566 -0.29503196541184074 -0.47870382623195734 0.9485645154818259
17.25 0.3552513856328288 -0.3673437216402331 -0.5280681635657642 0.6126904823932997
17.3 0.5270137696993427 -0.3464448970423103 -0.41673418172458326 0.08794201962510592
17.35 0.049651687589780884 0.4068698607631452 -0.36632493436905317 0.09111281284777435
17.4 -0.6826229787960237 1.023873322838494 -0.27402711390214174 0.22311112889583218
17.45 -0.9239969919402944 0.9375287236142886 -0.2642953092883129 0.24309780749819285
17.5 -1.0160597076523181 0.4302042435561618 -0.2644781685421144 0.25322145337016777
17.55 -0.8221597099580545 -0.002910180081079255 -0.23418559917781887 0.25309114679937317
17.6 -0.27287771287824647 -0.5897164466348959 -0.17331311019325396 0.2632147926713481
17.65 0.14254084747448428 -0.8501207931181886 -0.15298745019767485 0.2632147926713481
17.7 0.5377643615843515 -0.8785371321721943 -0.2339766171734743 0.2935857302872729
17.75 0.4960942543220133 -0.37138639420846037 -0.37691878975080345 0.39626842413159
17.8 0.445606638714854 -0.029211041324600763 -0.3563841477508798 0.17166762458759177
17.85 0.3649048219950284 -0.0727461114643743 0.14246247922285507 -0.5796362362865193
17.9 0.3030301846451279 -0.27578369071064945 0.7923801117599216 -1.0654232217385777
17.95 0.31365016277742125 -0.26492164093750514 1.025311818911673 -0.8986106818217514
18.0 0.31372853102905046 -0.26466102779591594 1.0248416094018977 -0.35118253798810867
18.05 0.24265402792088137 -0.26466102779591594 0.749821830979119 0.08307407210851292
18.1 0.17171013856542766 -0.27478467366789094 0.19057292453059455 0.6601041769791404
18.15 0.18188602993848874 -0.27478467366789094 -0.20441548482438482 0.9293162407806345
18.2 0.283122488658238 -0.32540290302776553 -0.5288257233315135 0.8163055862921788
18.25 0.48672816821578746 -0.46849330931278593 -0.4773976887048036 0.2986708554218569
18.3 0.3242796247544133 -0.04094180156970901 -0.4168125499762125 0.04914142155753592
18.35 -0.2753071286787524 0.7712905394764716 -0.33605848775530067 0.12178779912888653
18.4 -0.833876843613157 1.021918724276575 -0.284281373526832 0.23332164581500356
18.45 -0.9960213979127128 0.7957542458830414 -0.2643736775399421 0.23301759714981615
18.5 -0.9133770138080011 0.20694994524370777 -0.25445901367231183 0.24318467854538928
18.55 -0.6385662173895671 -0.19496826582924284 -0.21385993918223983 0.24296750092739827
18.6 -0.07058765469254942 -0.7414971265131508 -0.1630849733191067 0.24296750092739827
18.65 0.30397060366467854 -0.909733344736485 -0.17323474194162472 0.25309114679937317
18.7 0.5271182607015149 -0.6857535053686888 -0.2946662469042377 0.32540290302776553
18.75 0.5366410833109991 -0.1490008063679702 -0.4578034657244305 0.44671291139707187
18.8 0.3951190231076947 -0.02078138087295555 -0.15230825868355494 -0.174286618849311
18.85 0.33466449813181903 -0.1439156812333862 0.4067055430100819 -0.8428638918036948
18.9 0.2930893980269545 -0.27565338413985485 0.913289161711673 -1.0535621549226748
18.95 0.32527228927505014 -0.25458081744753924 1.0756426980155738 -0.7165153626969973
19.0 0.27318170204006464 -0.26466102779591594 0.9017287645598292 -0.1484795800847918
19.05 0.2122569675544135 -0.26466102779591594 0.576456475284779 0.2841136172692709
19.1 0.15148896957202088 -0.27478467366789094 -0.023078032647300656 0.8206057031284004
19.15 0.19203579856100672 -0.28490831953986584 -0.36731759888969 0.9702580423503434
19.2 0.33513470764159436 -0.3673437216402331 -0.5283816365722812 0.6020890457617446
19.25 0.5573847073152675 -0.5390547817514231 -0.43695535071798997 0.10801556927466298
19.3 0.029169291090943357 0.35681629321004704 -0.366272688867967 0.07043116586784251
19.35 -0.5090747638478821 0.9617286480056746 -0.3144955746394984 0.1827468519787271
19.4 -0.9446883704434766 0.9382236919918598 -0.26416469553559757 0.24335842063978202
19.45 -1.0262617217759222 0.6124733047753088 -0.2543545226701395 0.24314124302179108
19.5 -0.781743494721784 0.005606351417762352 -0.21399055293495522 0.24305437197459465
19.55 -0.4665426058176226 -0.39732373954377415 -0.18338451056414273 0.24301093645099647
19.6 0.12284213349193901 -0.8615475046981095 -0.15293520469658872 0.25309114679937317
19.65 0.43650178011405893 -0.9291119260084709 -0.19345591093503153 0.2632147926713481
19.7 0.5266741739422827 -0.38072820065566776 -0.3871730493754938 0.38614477825961513
19.75 0.4962771135758148 -0.049762381733738 -0.48793929858546775 0.41590761854516517
19.8 0.36477420824231305 -0.07222488518119594 0.1326000608563109 -0.5501340091425584
19.85 0.3131538305171028 -0.22503515477998018 0.6086560054387189 -1.004507604412335
19.9 0.3134934262741628 -0.2854729813466424 1.0458203381610536 -0.9093424250241012
19.95 0.3137024082785074 -0.25453738192394104 1.1260258226205608 -0.5233279533352806
20.0 0.23260875030053568 -0.26466102779591594 0.7801405230939575 0.07442723403887672
