0.0 88.96703296703298 88.96703296703298 89.93406593406594 89.93406593406594
0.05 89.05494505494507 89.23076923076924 89.93406593406594 89.75824175824177
0.1 88.87912087912089 90.28571428571429 90.28571428571429 88.43956043956045
0.15 88.43956043956045 91.42857142857143 90.63736263736264 87.38461538461539
0.2 87.64835164835165 93.09890109890111 91.34065934065934 85.8901098901099
0.25 87.20879120879121 94.24175824175825 91.78021978021978 84.92307692307693
0.3 86.50549450549451 95.73626373626374 92.4835164835165 83.34065934065934
0.35 85.97802197802199 96.70329670329672 93.01098901098902 82.37362637362638
0.4 85.27472527472528 98.28571428571429 93.71428571428572 80.87912087912089
0.45 84.83516483516485 99.16483516483517 94.15384615384616 79.91208791208791
0.5 84.13186813186813 100.65934065934067 94.85714285714286 78.50549450549451
0.55 83.6923076923077 101.62637362637363 95.2967032967033 77.62637362637363
0.6 82.98901098901099 103.12087912087912 95.91208791208793 76.21978021978022
0.65 82.54945054945055 104.0879120879121 96.26373626373628 75.25274725274726
0.7 81.93406593406594 105.58241758241759 96.87912087912089 73.93406593406594
0.75 81.58241758241759 106.54945054945055 97.23076923076924 73.05494505494507
0.8 80.87912087912089 108.13186813186815 97.75824175824177 71.64835164835165
0.85 80.52747252747254 109.01098901098902 98.10989010989012 70.76923076923077
0.9 80.0 110.50549450549451 98.54945054945055 69.45054945054946
0.95 79.73626373626374 111.38461538461539 98.81318681318682 68.57142857142858
1.0 79.20879120879121 112.70329670329672 99.25274725274726 67.42857142857143
1.05 78.94505494505495 113.58241758241759 99.51648351648352 66.63736263736264
1.1 78.50549450549451 114.9010989010989 99.86813186813188 65.40659340659342
1.15 78.24175824175825 115.69230769230771 100.04395604395606 64.61538461538463
1.2 77.8901098901099 116.83516483516485 100.4835164835165 63.472527472527474
1.25 77.62637362637363 117.62637362637363 100.74725274725276 62.85714285714286
1.3 77.36263736263737 118.85714285714286 101.01098901098902 61.71428571428572
1.35 77.09890109890111 119.56043956043958 101.1868131868132 61.010989010989015
1.4 76.92307692307693 120.61538461538463 101.45054945054946 60.04395604395605
1.45 76.74725274725276 121.40659340659342 101.71428571428572 59.34065934065934
1.5 76.3076923076923 122.28571428571429 101.97802197802199 58.46153846153847
1.55 76.04395604395604 122.81318681318682 102.15384615384616 57.846153846153854
1.6 75.6043956043956 123.60439560439562 102.32967032967034 56.96703296703297
1.65 75.42857142857143 124.13186813186815 102.41758241758242 56.439560439560445
1.7 75.07692307692308 124.74725274725276 102.85714285714286 55.64835164835165
1.75 74.9010989010989 125.1868131868132 103.12087912087912 55.120879120879124
1.8 74.54945054945055 125.8901098901099 103.38461538461539 54.50549450549451
1.85 74.1978021978022 126.32967032967034 103.64835164835165 54.15384615384616
1.9 73.84615384615385 127.12087912087912 104.0879120879121 53.362637362637365
1.95 73.67032967032968 127.47252747252749 104.26373626373628 52.92307692307693
2.0 73.31868131868133 128.0 104.61538461538463 52.3956043956044
2.05 73.23076923076924 128.26373626373626 104.7912087912088 52.13186813186814
2.1 72.96703296703298 128.52747252747253 105.05494505494507 51.78021978021978
2.15 72.7912087912088 128.7912087912088 105.14285714285715 51.42857142857143
2.2 72.61538461538463 129.14285714285714 105.40659340659342 51.07692307692308
2.25 72.52747252747254 129.31868131868134 105.4945054945055 50.901098901098905
2.3 72.43956043956045 129.49450549450552 105.58241758241759 50.63736263736264
2.35 72.35164835164835 129.6703296703297 105.67032967032968 50.46153846153847
2.4 72.26373626373626 129.84615384615387 105.75824175824177 50.37362637362638
2.45 72.17582417582418 129.84615384615387 105.84615384615385 50.28571428571429
2.5 72.17582417582418 129.93406593406596 105.84615384615385 50.28571428571429
2.55 72.08791208791209 129.93406593406596 105.93406593406594 50.28571428571429
2.6 72.17582417582418 129.93406593406596 105.93406593406594 50.28571428571429
2.65 72.17582417582418 129.93406593406596 105.93406593406594 50.28571428571429
2.7 72.08791208791209 129.93406593406596 105.93406593406594 50.28571428571429
2.75 72.08791208791209 129.93406593406596 105.84615384615385 50.28571428571429
2.8 72.17582417582418 129.93406593406596 105.93406593406594 50.28571428571429
2.85 72.08791208791209 129.93406593406596 105.84615384615385 50.37362637362638
2.9 72.08791208791209 129.93406593406596 105.93406593406594 50.28571428571429
2.95 72.17582417582418 129.84615384615387 105.84615384615385 50.28571428571429
3.0 72.08791208791209 129.93406593406596 105.93406593406594 50.28571428571429
3.05 72.08791208791209 129.93406593406596 105.93406593406594 50.28571428571429
3.1 72.17582417582418 129.93406593406596 105.84615384615385 50.28571428571429
3.15 72.08791208791209 129.93406593406596 105.84615384615385 50.28571428571429
3.2 72.08791208791209 129.93406593406596 105.93406593406594 50.28571428571429
3.25 72.08791208791209 129.93406593406596 105.84615384615385 50.28571428571429
3.3 72.17582417582418 129.84615384615387 105.93406593406594 50.28571428571429
3.35 72.08791208791209 129.93406593406596 105.84615384615385 50.28571428571429
3.4 72.08791208791209 129.93406593406596 105.93406593406594 50.28571428571429
3.45 72.08791208791209 129.93406593406596 105.93406593406594 50.37362637362638
3.5 72.17582417582418 129.93406593406596 105.84615384615385 50.28571428571429
3.55 72.08791208791209 129.93406593406596 105.93406593406594 50.28571428571429
3.6 72.17582417582418 129.93406593406596 105.84615384615385 50.28571428571429
3.65 72.08791208791209 129.93406593406596 105.93406593406594 50.28571428571429
3.7 72.08791208791209 129.93406593406596 105.84615384615385 50.28571428571429
3.75 72.08791208791209 129.84615384615387 105.93406593406594 50.28571428571429
3.8 72.08791208791209 129.93406593406596 105.93406593406594 50.28571428571429
3.85 72.17582417582418 129.93406593406596 105.93406593406594 50.28571428571429
3.9 72.08791208791209 129.93406593406596 105.93406593406594 50.28571428571429
3.95 72.08791208791209 129.93406593406596 105.93406593406594 50.28571428571429
4.0 72.08791208791209 129.93406593406596 105.84615384615385 50.28571428571429
4.05 72.08791208791209 129.93406593406596 105.93406593406594 50.28571428571429
4.1 72.08791208791209 129.93406593406596 105.93406593406594 50.28571428571429
4.15 72.17582417582418 129.93406593406596 105.93406593406594 50.37362637362638
4.2 72.08791208791209 129.93406593406596 105.84615384615385 50.28571428571429
4.25 72.08791208791209 129.93406593406596 105.84615384615385 50.28571428571429
4.3 72.08791208791209 129.93406593406596 105.93406593406594 50.28571428571429
4.35 72.08791208791209 129.93406593406596 105.93406593406594 50.28571428571429
4.4 72.08791208791209 129.93406593406596 105.84615384615385 50.28571428571429
4.45 72.08791208791209 129.93406593406596 105.84615384615385 50.28571428571429
4.5 72.08791208791209 129.93406593406596 105.93406593406594 50.28571428571429
4.55 72.08791208791209 129.93406593406596 105.93406593406594 50.28571428571429
4.6 72.08791208791209 129.93406593406596 105.93406593406594 50.28571428571429
4.65 72.08791208791209 129.84615384615387 105.93406593406594 50.28571428571429
4.7 72.17582417582418 129.93406593406596 105.93406593406594 50.28571428571429
4.75 72.08791208791209 129.93406593406596 105.84615384615385 50.28571428571429
4.8 72.08791208791209 129.93406593406596 105.93406593406594 50.28571428571429
4.85 72.08791208791209 129.93406593406596 105.93406593406594 50.28571428571429
4.9 72.17582417582418 129.93406593406596 105.93406593406594 50.28571428571429
4.95 72.17582417582418 129.93406593406596 105.84615384615385 50.28571428571429
5.0 72.08791208791209 129.93406593406596 105.84615384615385 50.28571428571429
5.05 72.08791208791209 129.93406593406596 105.93406593406594 50.197802197802204
5.1 72.08791208791209 130.63736263736266 107.34065934065934 47.20879120879121
5.15 72.26373626373626 131.42857142857144 110.41758241758242 40.96703296703297
5.2 72.52747252747254 131.60439560439562 117.01098901098902 29.362637362637365
5.25 72.61538461538463 131.60439560439562 121.40659340659342 23.20879120879121
5.3 72.61538461538463 131.60439560439562 126.15384615384616 20.131868131868135
5.35 72.7912087912088 131.60439560439562 127.3846153846154 22.329670329670332
5.4 73.31868131868133 131.60439560439562 126.32967032967034 32.0
5.45 74.02197802197803 131.60439560439562 123.60439560439562 40.439560439560445
5.5 76.13186813186813 130.2857142857143 118.85714285714286 48.17582417582418
5.55 78.32967032967034 128.0 115.7802197802198 49.142857142857146
5.6 80.08791208791209 128.35164835164835 112.96703296703298 49.142857142857146
5.65 77.62637362637363 138.19780219780222 110.94505494505495 49.142857142857146
5.7 73.75824175824177 147.34065934065936 110.50549450549451 49.05494505494506
5.75 66.81318681318682 158.41758241758242 110.32967032967034 49.142857142857146
5.8 62.15384615384616 161.05494505494508 110.06593406593407 49.142857142857146
5.85 57.23076923076923 157.62637362637363 109.45054945054946 49.05494505494506
5.9 56.17582417582418 150.76923076923077 108.74725274725276 49.05494505494506
5.95 58.46153846153847 137.14285714285717 107.51648351648352 49.05494505494506
6.0 61.71428571428572 129.75824175824178 106.1978021978022 49.05494505494506
6.05 65.58241758241759 127.91208791208793 103.03296703296704 49.93406593406594
6.1 67.51648351648352 129.05494505494505 101.62637362637363 49.494505494505496
6.15 69.1868131868132 131.0769230769231 103.64835164835165 39.56043956043956
6.2 69.62637362637363 131.16483516483518 107.42857142857143 30.593406593406595
6.25 69.97802197802199 131.25274725274727 113.58241758241759 20.571428571428573
6.3 71.03296703296704 131.25274725274727 118.32967032967034 19.076923076923077
6.35 72.43956043956045 131.25274725274727 122.9010989010989 23.64835164835165
6.4 73.14285714285715 131.25274725274727 123.86813186813188 30.85714285714286
6.45 74.46153846153847 131.25274725274727 121.05494505494507 44.219780219780226
6.5 76.04395604395604 130.19780219780222 118.15384615384616 48.26373626373627
6.55 79.12087912087912 127.47252747252749 113.58241758241759 48.791208791208796
6.6 79.38461538461539 130.10989010989013 111.64835164835166 48.70329670329671
6.65 75.78021978021978 142.5934065934066 109.71428571428572 48.70329670329671
6.7 71.73626373626374 151.47252747252747 109.45054945054946 48.439560439560445
6.75 65.14285714285715 160.52747252747255 109.1868131868132 48.439560439560445
6.8 60.307692307692314 160.79120879120882 107.95604395604397 48.439560439560445
6.85 55.91208791208792 154.54945054945057 106.98901098901099 48.439560439560445
6.9 56.00000000000001 146.3736263736264 106.46153846153847 48.439560439560445
6.95 60.04395604395605 133.27472527472528 105.23076923076924 48.439560439560445
7.0 62.5934065934066 131.34065934065936 103.56043956043956 50.10989010989012
7.05 66.28571428571429 130.90109890109892 100.39560439560441 51.252747252747255
7.1 68.04395604395604 131.25274725274727 100.65934065934067 47.56043956043956
7.15 69.8901098901099 131.25274725274727 105.4945054945055 35.252747252747255
7.2 69.97802197802199 131.7802197802198 109.1868131868132 26.989010989010993
7.25 70.06593406593407 131.42857142857144 115.60439560439562 19.340659340659343
7.3 70.76923076923077 131.51648351648353 120.0879120879121 19.604395604395606
7.35 72.35164835164835 131.51648351648353 123.7802197802198 27.07692307692308
7.4 72.87912087912089 131.51648351648353 123.25274725274726 35.42857142857143
7.45 74.10989010989012 131.51648351648353 118.94505494505495 47.73626373626374
7.5 75.95604395604396 130.989010989011 116.21978021978023 51.07692307692308
7.55 79.82417582417582 129.14285714285714 113.05494505494507 50.549450549450555
7.6 79.20879120879121 133.8021978021978 111.56043956043958 49.67032967032967
7.65 73.84615384615385 147.34065934065936 110.32967032967034 49.23076923076923
7.7 69.36263736263737 155.51648351648353 109.97802197802199 49.23076923076923
7.75 61.978021978021985 161.05494505494508 109.27472527472528 49.23076923076923
7.8 58.197802197802204 159.73626373626374 108.57142857142858 49.142857142857146
7.85 56.00000000000001 150.76923076923077 107.42857142857143 49.23076923076923
7.9 57.05494505494506 141.8901098901099 106.72527472527473 49.142857142857146
7.95 61.27472527472528 130.3736263736264 104.87912087912089 49.23076923076923
8.0 63.91208791208792 129.5824175824176 102.76923076923077 50.81318681318682
8.05 67.16483516483517 130.02197802197804 100.30769230769232 50.37362637362638
8.1 68.57142857142858 130.989010989011 101.62637362637363 43.956043956043956
8.15 69.62637362637363 131.34065934065936 107.07692307692308 30.593406593406595
8.2 69.8901098901099 131.34065934065936 111.56043956043958 23.20879120879121
8.25 70.68131868131869 131.34065934065936 118.76923076923077 18.98901098901099
8.3 71.47252747252747 131.42857142857144 122.10989010989012 21.098901098901102
8.35 72.43956043956045 131.34065934065936 123.51648351648353 30.76923076923077
8.4 73.23076923076924 131.34065934065936 121.84615384615385 39.824175824175825
8.45 75.25274725274726 131.34065934065936 117.53846153846155 50.10989010989012
8.5 77.97802197802199 128.96703296703296 115.25274725274726 50.37362637362638
8.55 79.82417582417582 130.54945054945057 112.26373626373628 49.93406593406594
8.6 77.97802197802199 138.19780219780222 111.12087912087912 49.31868131868132
8.65 71.64835164835165 151.73626373626374 110.15384615384616 49.23076923076923
8.7 66.81318681318682 158.32967032967034 109.8901098901099 49.142857142857146
8.75 60.04395604395605 160.8791208791209 109.1868131868132 49.05494505494506
8.8 56.96703296703297 157.53846153846155 108.57142857142858 49.05494505494506
8.85 56.26373626373627 146.54945054945057 107.6043956043956 49.05494505494506
8.9 58.37362637362638 137.14285714285717 106.81318681318682 49.05494505494506
8.95 62.5934065934066 128.87912087912088 104.52747252747254 49.31868131868132
9.0 65.31868131868133 128.87912087912088 101.97802197802199 50.98901098901099
9.05 68.04395604395604 130.19780219780222 100.83516483516485 47.472527472527474
9.1 68.92307692307693 131.16483516483518 103.20879120879121 39.64835164835165
9.15 69.45054945054946 131.16483516483518 109.36263736263737 26.461538461538463
9.2 69.97802197802199 131.16483516483518 114.10989010989012 21.098901098901102
9.25 70.94505494505495 131.16483516483518 120.61538461538463 19.516483516483518
9.3 71.73626373626374 131.16483516483518 123.07692307692308 23.64835164835165
9.35 72.7912087912088 131.16483516483518 122.98901098901099 35.252747252747255
9.4 73.93406593406594 131.16483516483518 120.43956043956045 44.219780219780226
9.45 76.65934065934067 130.19780219780222 116.4835164835165 50.37362637362638
9.5 79.12087912087912 128.17582417582418 114.10989010989012 50.37362637362638
9.55 79.20879120879121 133.97802197802199 111.56043956043958 49.582417582417584
9.6 76.13186813186813 142.85714285714286 110.5934065934066 49.23076923076923
9.65 69.53846153846155 155.42857142857144 109.8901098901099 48.70329670329671
9.7 64.96703296703298 160.52747252747255 109.80219780219781 48.70329670329671
9.75 58.37362637362638 159.56043956043956 108.83516483516485 48.70329670329671
9.8 56.00000000000001 154.63736263736266 108.04395604395606 48.70329670329671
9.85 56.87912087912088 141.71428571428572 106.98901098901099 48.70329670329671
9.9 59.95604395604396 132.92307692307693 105.93406593406594 48.70329670329671
9.95 64.0 129.14285714285714 102.76923076923077 50.197802197802204
10.0 66.37362637362638 129.23076923076925 100.74725274725276 50.901098901098905
10.05 68.57142857142858 130.90109890109892 101.71428571428572 43.956043956043956
10.1 69.27472527472528 131.25274725274727 105.14285714285715 35.252747252747255
10.15 69.8901098901099 131.25274725274727 111.73626373626375 23.20879120879121
10.2 70.32967032967034 131.25274725274727 116.65934065934067 19.516483516483518
10.25 71.2967032967033 131.25274725274727 122.10989010989012 21.098901098901102
10.3 72.08791208791209 131.25274725274727 123.42857142857144 26.9010989010989
10.35 73.14285714285715 131.25274725274727 121.84615384615385 39.824175824175825
10.4 74.37362637362638 131.25274725274727 118.94505494505495 47.64835164835165
10.45 78.06593406593407 129.05494505494505 115.25274725274726 50.549450549450555
10.5 79.82417582417582 128.43956043956044 113.14285714285715 50.28571428571429
10.55 77.97802197802199 138.19780219780222 111.12087912087912 49.31868131868132
10.6 73.93406593406594 147.51648351648353 110.41758241758242 49.23076923076923
10.65 66.9010989010989 158.5934065934066 109.97802197802199 48.87912087912088
10.7 62.329670329670336 160.967032967033 109.62637362637363 48.87912087912088
10.75 57.05494505494506 157.53846153846155 108.57142857142858 48.87912087912088
10.8 55.91208791208792 150.76923076923077 107.86813186813188 48.87912087912088
10.85 58.37362637362638 137.14285714285717 106.63736263736264 48.87912087912088
10.9 61.80219780219781 129.75824175824178 105.31868131868133 48.87912087912088
10.95 65.31868131868133 128.7032967032967 101.62637362637363 50.63736263736264
11.0 67.34065934065934 129.49450549450552 100.4835164835165 49.84615384615385
11.05 69.01098901098902 131.25274725274727 103.20879120879121 39.38461538461539
11.1 69.45054945054946 131.25274725274727 107.07692307692308 30.41758241758242
11.15 70.06593406593407 131.25274725274727 114.10989010989012 20.835164835164836
11.2 70.76923076923077 131.25274725274727 118.68131868131869 18.98901098901099
11.25 72.08791208791209 131.34065934065936 122.98901098901099 23.64835164835165
11.3 72.87912087912089 131.34065934065936 123.42857142857144 30.76923076923077
11.35 73.84615384615385 131.34065934065936 120.61538461538463 44.219780219780226
11.4 75.42857142857143 131.16483516483518 117.53846153846155 49.84615384615385
11.45 79.20879120879121 128.0879120879121 114.1978021978022 49.93406593406594
11.5 79.82417582417582 130.54945054945057 112.43956043956045 49.67032967032967
11.55 76.04395604395604 142.76923076923077 110.5934065934066 49.23076923076923
11.6 71.64835164835165 151.47252747252747 109.97802197802199 48.96703296703297
11.65 64.96703296703298 160.43956043956044 109.8901098901099 48.70329670329671
11.7 60.3956043956044 160.79120879120882 109.36263736263737 48.61538461538462
11.75 56.087912087912095 154.54945054945057 108.21978021978023 48.61538461538462
11.8 56.17582417582418 146.3736263736264 107.6043956043956 48.61538461538462
11.85 60.04395604395605 132.92307692307693 106.1978021978022 48.70329670329671
11.9 62.681318681318686 128.6153846153846 104.61538461538463 48.87912087912088
11.95 66.37362637362638 128.87912087912088 101.27472527472528 50.549450549450555
12.0 68.04395604395604 130.10989010989013 100.83516483516485 47.38461538461539
12.05 69.1868131868132 131.16483516483518 105.05494505494507 35.16483516483517
12.1 69.45054945054946 131.16483516483518 109.53846153846155 26.461538461538463
12.15 70.32967032967034 131.16483516483518 116.65934065934067 19.42857142857143
12.2 70.94505494505495 131.16483516483518 120.61538461538463 19.516483516483518
12.25 72.17582417582418 131.16483516483518 123.42857142857144 26.989010989010993
12.3 72.7912087912088 131.16483516483518 123.07692307692308 35.252747252747255
12.35 74.63736263736264 131.16483516483518 118.85714285714286 47.73626373626374
12.4 76.65934065934067 130.19780219780222 116.4835164835165 50.549450549450555
12.45 79.82417582417582 128.43956043956044 113.05494505494507 50.197802197802204
12.5 79.20879120879121 133.97802197802199 111.56043956043958 49.494505494505496
12.55 73.84615384615385 147.51648351648353 110.15384615384616 49.142857142857146
12.6 69.53846153846155 155.34065934065936 109.8901098901099 48.61538461538462
12.65 62.50549450549451 161.05494505494508 109.62637362637363 48.61538461538462
12.7 58.549450549450555 159.64835164835165 108.83516483516485 48.61538461538462
12.75 55.82417582417583 150.76923076923077 107.69230769230771 48.61538461538462
12.8 56.87912087912088 141.8021978021978 106.98901098901099 48.61538461538462
12.85 61.71428571428572 129.75824175824178 105.23076923076924 48.61538461538462
12.9 64.08791208791209 128.96703296703296 102.76923076923077 49.93406593406594
12.95 67.34065934065934 129.49450549450552 100.4835164835165 49.84615384615385
13.0 68.57142857142858 130.90109890109892 101.71428571428572 43.86813186813187
13.05 69.36263736263737 131.25274725274727 106.98901098901099 30.505494505494507
13.1 69.62637362637363 131.34065934065936 111.64835164835166 23.120879120879124
13.15 70.50549450549451 131.34065934065936 118.76923076923077 19.076923076923077
13.2 71.20879120879121 131.34065934065936 122.02197802197803 21.098901098901102
13.25 72.35164835164835 131.34065934065936 123.51648351648353 30.85714285714286
13.3 72.96703296703298 131.34065934065936 121.84615384615385 39.73626373626374
13.35 74.9010989010989 131.34065934065936 117.45054945054946 50.63736263736264
13.4 77.62637362637363 129.6703296703297 115.16483516483517 50.901098901098905
13.45 79.82417582417582 130.72527472527474 112.26373626373628 50.02197802197803
13.5 77.97802197802199 138.19780219780222 111.12087912087912 49.23076923076923
13.55 71.64835164835165 151.73626373626374 110.15384615384616 48.96703296703297
13.6 66.98901098901099 158.5054945054945 109.97802197802199 48.87912087912088
13.65 60.219780219780226 160.79120879120882 109.1868131868132 48.791208791208796
13.7 57.05494505494506 157.53846153846155 108.4835164835165 48.791208791208796
13.75 56.087912087912095 146.54945054945057 107.42857142857143 48.791208791208796
13.8 58.197802197802204 137.14285714285717 106.46153846153847 48.791208791208796
13.85 62.681318681318686 129.14285714285714 104.26373626373628 49.23076923076923
13.9 65.31868131868133 129.14285714285714 101.53846153846155 50.98901098901099
13.95 67.95604395604396 130.3736263736264 100.74725274725276 47.38461538461539
14.0 69.01098901098902 131.34065934065936 103.20879120879121 39.472527472527474
14.05 69.45054945054946 131.25274725274727 109.1868131868132 26.63736263736264
14.1 69.8901098901099 131.34065934065936 114.02197802197803 21.098901098901102
14.15 70.85714285714286 131.34065934065936 120.52747252747254 19.604395604395606
14.2 71.73626373626374 131.34065934065936 122.98901098901099 23.64835164835165
14.25 72.61538461538463 131.34065934065936 122.98901098901099 35.252747252747255
14.3 73.58241758241759 131.34065934065936 120.52747252747254 44.219780219780226
14.35 76.13186813186813 130.63736263736266 116.4835164835165 50.81318681318682
14.4 79.12087912087912 128.7912087912088 114.02197802197803 50.63736263736264
14.45 79.20879120879121 133.8901098901099 111.56043956043958 49.582417582417584
14.5 76.04395604395604 142.76923076923077 110.76923076923077 49.142857142857146
14.55 69.45054945054946 155.42857142857144 110.06593406593407 48.87912087912088
14.6 64.61538461538463 160.43956043956044 109.8901098901099 48.87912087912088
14.65 58.37362637362638 159.56043956043956 109.01098901098902 48.87912087912088
14.7 56.17582417582418 154.54945054945057 108.30769230769232 48.87912087912088
14.75 56.96703296703297 141.71428571428572 107.25274725274726 48.87912087912088
14.8 59.95604395604396 132.92307692307693 106.1978021978022 48.87912087912088
14.85 64.08791208791209 128.43956043956044 103.38461538461539 49.84615384615385
14.9 66.46153846153847 128.7912087912088 101.1868131868132 50.549450549450555
14.95 68.65934065934067 130.90109890109892 101.80219780219781 43.78021978021978
15.0 69.27472527472528 131.25274725274727 105.14285714285715 35.07692307692308
15.05 69.71428571428572 131.25274725274727 111.56043956043958 23.032967032967036
15.1 70.24175824175825 131.25274725274727 116.4835164835165 19.516483516483518
15.15 71.38461538461539 131.34065934065936 122.02197802197803 21.18681318681319
15.2 72.35164835164835 131.34065934065936 123.51648351648353 26.9010989010989
15.25 73.40659340659342 131.34065934065936 122.10989010989012 39.824175824175825
15.3 74.54945054945055 131.25274725274727 118.85714285714286 47.91208791208791
15.35 77.97802197802199 128.96703296703296 115.25274725274726 50.46153846153847
15.4 79.82417582417582 128.35164835164835 113.14285714285715 50.197802197802204
15.45 77.8901098901099 138.19780219780222 111.03296703296704 49.23076923076923
15.5 73.84615384615385 147.34065934065936 110.24175824175825 49.142857142857146
15.55 67.25274725274726 158.32967032967034 109.97802197802199 48.61538461538462
15.6 62.50549450549451 161.14285714285717 109.71428571428572 48.61538461538462
15.65 57.05494505494506 157.53846153846155 108.74725274725276 48.61538461538462
15.7 55.73626373626374 150.85714285714286 107.95604395604397 48.61538461538462
15.75 58.28571428571429 137.23076923076925 106.9010989010989 48.61538461538462
15.8 61.8901098901099 129.84615384615387 105.58241758241759 48.61538461538462
15.85 65.40659340659342 128.6153846153846 102.24175824175825 50.37362637362638
15.9 67.34065934065934 129.31868131868134 100.74725274725276 49.67032967032967
15.95 69.01098901098902 131.25274725274727 103.20879120879121 39.64835164835165
16.0 69.27472527472528 131.34065934065936 106.9010989010989 30.593406593406595
16.05 69.71428571428572 131.16483516483518 113.67032967032968 21.01098901098901
16.1 70.41758241758242 131.16483516483518 118.5934065934066 19.076923076923077
16.15 71.73626373626374 131.16483516483518 123.16483516483517 23.64835164835165
16.2 72.35164835164835 131.16483516483518 123.60439560439562 30.94505494505495
16.25 73.4945054945055 131.16483516483518 120.52747252747254 44.219780219780226
16.3 74.9010989010989 131.16483516483518 117.45054945054946 50.37362637362638
16.35 79.03296703296704 128.7912087912088 114.02197802197803 50.63736263736264
16.4 79.82417582417582 130.63736263736266 112.17582417582419 49.93406593406594
16.45 76.13186813186813 142.6813186813187 110.68131868131869 49.142857142857146
16.5 71.73626373626374 151.73626373626374 110.15384615384616 49.05494505494506
16.55 64.70329670329672 160.52747252747255 109.8901098901099 48.87912087912088
16.6 60.219780219780226 160.79120879120882 109.45054945054946 48.791208791208796
16.65 56.17582417582418 154.54945054945057 108.30769230769232 48.791208791208796
16.7 56.17582417582418 146.46153846153848 107.69230769230771 48.791208791208796
16.75 60.04395604395605 132.92307692307693 106.28571428571429 48.791208791208796
16.8 62.769230769230774 128.6153846153846 104.61538461538463 49.142857142857146
16.85 66.46153846153847 128.87912087912088 101.27472527472528 50.63736263736264
16.9 68.13186813186813 130.19780219780222 100.83516483516485 47.38461538461539
16.95 69.1868131868132 131.25274725274727 105.14285714285715 35.34065934065934
17.0 69.27472527472528 131.16483516483518 109.01098901098902 26.54945054945055
17.05 70.06593406593407 131.25274725274727 116.30769230769232 19.516483516483518
17.1 70.85714285714286 131.25274725274727 120.61538461538463 19.78021978021978
17.15 72.0 131.25274725274727 123.60439560439562 26.989010989010993
17.2 72.52747252747254 131.25274725274727 122.98901098901099 35.252747252747255
17.25 74.02197802197803 131.16483516483518 118.94505494505495 47.73626373626374
17.3 75.95604395604396 130.46153846153848 116.39560439560441 50.72527472527473
17.35 79.82417582417582 128.7032967032967 113.05494505494507 50.37362637362638
17.4 79.20879120879121 133.8901098901099 111.56043956043958 49.494505494505496
17.45 73.84615384615385 147.51648351648353 110.50549450549451 49.142857142857146
17.5 69.36263736263737 155.51648351648353 110.15384615384616 48.87912087912088
17.55 62.24175824175825 161.14285714285717 109.80219780219781 48.87912087912088
17.6 58.46153846153847 159.64835164835165 109.27472527472528 48.87912087912088
17.65 55.82417582417583 150.76923076923077 108.13186813186815 48.87912087912088
17.7 57.05494505494506 141.8901098901099 107.51648351648352 48.87912087912088
17.75 61.80219780219781 129.75824175824178 105.75824175824177 48.87912087912088
17.8 64.08791208791209 128.35164835164835 103.73626373626375 49.75824175824176
17.85 67.34065934065934 129.23076923076925 101.09890109890111 49.67032967032967
17.9 68.65934065934067 130.81318681318683 101.97802197802199 43.86813186813187
17.95 69.27472527472528 131.25274725274727 107.07692307692308 30.505494505494507
18.0 69.45054945054946 131.16483516483518 111.47252747252747 23.120879120879124
18.05 70.41758241758242 131.16483516483518 118.5934065934066 19.076923076923077
18.1 71.20879120879121 131.16483516483518 121.93406593406594 21.18681318681319
18.15 72.26373626373626 131.16483516483518 123.51648351648353 30.76923076923077
18.2 72.96703296703298 131.16483516483518 121.75824175824177 39.824175824175825
18.25 74.98901098901099 131.16483516483518 117.45054945054946 50.28571428571429
18.3 77.8901098901099 129.23076923076925 115.25274725274726 50.63736263736264
18.35 79.82417582417582 130.46153846153848 112.17582417582419 49.93406593406594
18.4 77.8901098901099 138.10989010989013 111.03296703296704 49.23076923076923
18.45 71.73626373626374 151.56043956043956 110.15384615384616 49.05494505494506
18.5 67.34065934065934 158.41758241758242 110.15384615384616 48.70329670329671
18.55 60.48351648351649 160.70329670329673 109.62637362637363 48.70329670329671
18.6 57.05494505494506 157.45054945054946 108.83516483516485 48.70329670329671
18.65 56.087912087912095 146.46153846153848 107.7802197802198 48.70329670329671
18.7 58.28571428571429 137.14285714285717 106.98901098901099 48.70329670329671
18.75 62.769230769230774 128.52747252747253 104.87912087912089 48.791208791208796
18.8 65.31868131868133 128.35164835164835 102.41758241758242 50.197802197802204
18.85 68.13186813186813 129.93406593406596 101.09890109890111 47.2967032967033
18.9 69.01098901098902 131.25274725274727 103.38461538461539 39.64835164835165
18.95 69.36263736263737 131.25274725274727 109.36263736263737 26.63736263736264
19.0 69.80219780219781 131.25274725274727 113.93406593406594 20.747252747252748
19.05 70.85714285714286 131.25274725274727 120.52747252747254 19.516483516483518
19.1 71.64835164835165 131.25274725274727 122.98901098901099 23.560439560439562
19.15 72.7912087912088 131.25274725274727 123.16483516483517 35.252747252747255
19.2 73.84615384615385 131.34065934065936 120.43956043956045 44.219780219780226
19.25 76.4835164835165 130.46153846153848 116.4835164835165 50.63736263736264
19.3 79.12087912087912 128.52747252747253 114.02197802197803 50.549450549450555
19.35 79.20879120879121 133.8901098901099 111.47252747252747 49.494505494505496
19.4 76.04395604395604 142.85714285714286 110.5934065934066 49.142857142857146
19.45 69.62637362637363 155.25274725274727 110.06593406593407 48.52747252747253
19.5 65.23076923076924 160.52747252747255 109.97802197802199 48.61538461538462
19.55 58.46153846153847 159.64835164835165 109.09890109890111 48.61538461538462
19.6 56.00000000000001 154.63736263736266 108.21978021978023 48.61538461538462
19.65 56.96703296703297 141.62637362637363 107.25274725274726 48.61538461538462
19.7 60.04395604395605 132.92307692307693 106.28571428571429 48.61538461538462
19.75 64.08791208791209 128.52747252747253 103.56043956043956 49.582417582417584
19.8 66.46153846153847 128.7912087912088 101.36263736263737 50.28571428571429
19.85 68.65934065934067 130.81318681318683 101.8901098901099 43.956043956043956
19.9 69.1868131868132 131.25274725274727 105.14285714285715 34.98901098901099
19.95 69.62637362637363 131.25274725274727 111.56043956043958 23.120879120879124
20.0 70.15384615384616 131.25274725274727 116.4835164835165 19.516483516483518
