0	1,012000E+3	1,012000E+3	1,023000E+3	1,023000E+3
1	1,013000E+3	1,015000E+3	1,023000E+3	1,021000E+3
2	1,011000E+3	1,027000E+3	1,027000E+3	1,006000E+3
3	1,006000E+3	1,040000E+3	1,031000E+3	994,000000E+0
4	997,000000E+0	1,059000E+3	1,039000E+3	977,000000E+0
5	992,000000E+0	1,072000E+3	1,044000E+3	966,000000E+0
6	984,000000E+0	1,089000E+3	1,052000E+3	948,000000E+0
7	978,000000E+0	1,100000E+3	1,058000E+3	937,000000E+0
8	970,000000E+0	1,118000E+3	1,066000E+3	920,000000E+0
9	965,000000E+0	1,128000E+3	1,071000E+3	909,000000E+0
10	957,000000E+0	1,145000E+3	1,079000E+3	893,000000E+0
11	952,000000E+0	1,156000E+3	1,084000E+3	883,000000E+0
12	944,000000E+0	1,173000E+3	1,091000E+3	867,000000E+0
13	939,000000E+0	1,184000E+3	1,095000E+3	856,000000E+0
14	932,000000E+0	1,201000E+3	1,102000E+3	841,000000E+0
15	928,000000E+0	1,212000E+3	1,106000E+3	831,000000E+0
16	920,000000E+0	1,230000E+3	1,112000E+3	815,000000E+0
17	916,000000E+0	1,240000E+3	1,116000E+3	805,000000E+0
18	910,000000E+0	1,257000E+3	1,121000E+3	790,000000E+0
19	907,000000E+0	1,267000E+3	1,124000E+3	780,000000E+0
20	901,000000E+0	1,282000E+3	1,129000E+3	767,000000E+0
21	898,000000E+0	1,292000E+3	1,132000E+3	758,000000E+0
22	893,000000E+0	1,307000E+3	1,136000E+3	744,000000E+0
23	890,000000E+0	1,316000E+3	1,138000E+3	735,000000E+0
24	886,000000E+0	1,329000E+3	1,143000E+3	722,000000E+0
25	883,000000E+0	1,338000E+3	1,146000E+3	715,000000E+0
26	880,000000E+0	1,352000E+3	1,149000E+3	702,000000E+0
27	877,000000E+0	1,360000E+3	1,151000E+3	694,000000E+0
28	875,000000E+0	1,372000E+3	1,154000E+3	683,000000E+0
29	873,000000E+0	1,381000E+3	1,157000E+3	675,000000E+0
30	868,000000E+0	1,391000E+3	1,160000E+3	665,000000E+0
31	865,000000E+0	1,397000E+3	1,162000E+3	658,000000E+0
32	860,000000E+0	1,406000E+3	1,164000E+3	648,000000E+0
33	858,000000E+0	1,412000E+3	1,165000E+3	642,000000E+0
34	854,000000E+0	1,419000E+3	1,170000E+3	633,000000E+0
35	852,000000E+0	1,424000E+3	1,173000E+3	627,000000E+0
36	848,000000E+0	1,432000E+3	1,176000E+3	620,000000E+0
37	844,000000E+0	1,437000E+3	1,179000E+3	616,000000E+0
38	840,000000E+0	1,446000E+3	1,184000E+3	607,000000E+0
39	838,000000E+0	1,450000E+3	1,186000E+3	602,000000E+0
40	834,000000E+0	1,456000E+3	1,190000E+3	596,000000E+0
41	833,000000E+0	1,459000E+3	1,192000E+3	593,000000E+0
42	830,000000E+0	1,462000E+3	1,195000E+3	589,000000E+0
43	828,000000E+0	1,465000E+3	1,196000E+3	585,000000E+0
44	826,000000E+0	1,469000E+3	1,199000E+3	581,000000E+0
45	825,000000E+0	1,471000E+3	1,200000E+3	579,000000E+0
46	824,000000E+0	1,473000E+3	1,201000E+3	576,000000E+0
47	823,000000E+0	1,475000E+3	1,202000E+3	574,000000E+0
48	822,000000E+0	1,477000E+3	1,203000E+3	573,000000E+0
49	821,000000E+0	1,477000E+3	1,204000E+3	572,000000E+0
50	821,000000E+0	1,478000E+3	1,204000E+3	572,000000E+0
51	820,000000E+0	1,478000E+3	1,205000E+3	572,000000E+0
52	821,000000E+0	1,478000E+3	1,205000E+3	572,000000E+0
53	821,000000E+0	1,478000E+3	1,205000E+3	572,000000E+0
54	820,000000E+0	1,478000E+3	1,205000E+3	572,000000E+0
55	820,000000E+0	1,478000E+3	1,204000E+3	572,000000E+0
56	821,000000E+0	1,478000E+3	1,205000E+3	572,000000E+0
57	820,000000E+0	1,478000E+3	1,204000E+3	573,000000E+0
58	820,000000E+0	1,478000E+3	1,205000E+3	572,000000E+0
59	821,000000E+0	1,477000E+3	1,204000E+3	572,000000E+0
60	820,000000E+0	1,478000E+3	1,205000E+3	572,000000E+0
61	820,000000E+0	1,478000E+3	1,205000E+3	572,000000E+0
62	821,000000E+0	1,478000E+3	1,204000E+3	572,000000E+0
63	820,000000E+0	1,478000E+3	1,204000E+3	572,000000E+0
64	820,000000E+0	1,478000E+3	1,205000E+3	572,000000E+0
65	820,000000E+0	1,478000E+3	1,204000E+3	572,000000E+0
66	821,000000E+0	1,477000E+3	1,205000E+3	572,000000E+0
67	820,000000E+0	1,478000E+3	1,204000E+3	572,000000E+0
68	820,000000E+0	1,478000E+3	1,205000E+3	572,000000E+0
69	820,000000E+0	1,478000E+3	1,205000E+3	573,000000E+0
70	821,000000E+0	1,478000E+3	1,204000E+3	572,000000E+0
71	820,000000E+0	1,478000E+3	1,205000E+3	572,000000E+0
72	821,000000E+0	1,478000E+3	1,204000E+3	572,000000E+0
73	820,000000E+0	1,478000E+3	1,205000E+3	572,000000E+0
74	820,000000E+0	1,478000E+3	1,204000E+3	572,000000E+0
75	820,000000E+0	1,477000E+3	1,205000E+3	572,000000E+0
76	820,000000E+0	1,478000E+3	1,205000E+3	572,000000E+0
77	821,000000E+0	1,478000E+3	1,205000E+3	572,000000E+0
78	820,000000E+0	1,478000E+3	1,205000E+3	572,000000E+0
79	820,000000E+0	1,478000E+3	1,205000E+3	572,000000E+0
80	820,000000E+0	1,478000E+3	1,204000E+3	572,000000E+0
81	820,000000E+0	1,478000E+3	1,205000E+3	572,000000E+0
82	820,000000E+0	1,478000E+3	1,205000E+3	572,000000E+0
83	821,000000E+0	1,478000E+3	1,205000E+3	573,000000E+0
84	820,000000E+0	1,478000E+3	1,204000E+3	572,000000E+0
85	820,000000E+0	1,478000E+3	1,204000E+3	572,000000E+0
86	820,000000E+0	1,478000E+3	1,205000E+3	572,000000E+0
87	820,000000E+0	1,478000E+3	1,205000E+3	572,000000E+0
88	820,000000E+0	1,478000E+3	1,204000E+3	572,000000E+0
89	820,000000E+0	1,478000E+3	1,204000E+3	572,000000E+0
90	820,000000E+0	1,478000E+3	1,205000E+3	572,000000E+0
91	820,000000E+0	1,478000E+3	1,205000E+3	572,000000E+0
92	820,000000E+0	1,478000E+3	1,205000E+3	572,000000E+0
93	820,000000E+0	1,477000E+3	1,205000E+3	572,000000E+0
94	821,000000E+0	1,478000E+3	1,205000E+3	572,000000E+0
95	820,000000E+0	1,478000E+3	1,204000E+3	572,000000E+0
96	820,000000E+0	1,478000E+3	1,205000E+3	572,000000E+0
97	820,000000E+0	1,478000E+3	1,205000E+3	572,000000E+0
98	821,000000E+0	1,478000E+3	1,205000E+3	572,000000E+0
99	821,000000E+0	1,478000E+3	1,204000E+3	572,000000E+0
100	820,000000E+0	1,478000E+3	1,204000E+3	572,000000E+0
101	820,000000E+0	1,478000E+3	1,205000E+3	571,000000E+0
102	820,000000E+0	1,486000E+3	1,221000E+3	537,000000E+0
103	822,000000E+0	1,495000E+3	1,256000E+3	466,000000E+0
104	825,000000E+0	1,497000E+3	1,331000E+3	334,000000E+0
105	826,000000E+0	1,497000E+3	1,381000E+3	264,000000E+0
106	826,000000E+0	1,497000E+3	1,435000E+3	229,000000E+0
107	828,000000E+0	1,497000E+3	1,449000E+3	254,000000E+0
108	834,000000E+0	1,497000E+3	1,437000E+3	364,000000E+0
109	842,000000E+0	1,497000E+3	1,406000E+3	460,000000E+0
110	866,000000E+0	1,482000E+3	1,352000E+3	548,000000E+0
111	891,000000E+0	1,456000E+3	1,317000E+3	559,000000E+0
112	911,000000E+0	1,460000E+3	1,285000E+3	559,000000E+0
113	883,000000E+0	1,572000E+3	1,262000E+3	559,000000E+0
114	839,000000E+0	1,676000E+3	1,257000E+3	558,000000E+0
115	760,000000E+0	1,802000E+3	1,255000E+3	559,000000E+0
116	707,000000E+0	1,832000E+3	1,252000E+3	559,000000E+0
117	651,000000E+0	1,793000E+3	1,245000E+3	558,000000E+0
118	639,000000E+0	1,715000E+3	1,237000E+3	558,000000E+0
119	665,000000E+0	1,560000E+3	1,223000E+3	558,000000E+0
120	702,000000E+0	1,476000E+3	1,208000E+3	558,000000E+0
121	746,000000E+0	1,455000E+3	1,172000E+3	568,000000E+0
122	768,000000E+0	1,468000E+3	1,156000E+3	563,000000E+0
123	787,000000E+0	1,491000E+3	1,179000E+3	450,000000E+0
124	792,000000E+0	1,492000E+3	1,222000E+3	348,000000E+0
125	796,000000E+0	1,493000E+3	1,292000E+3	234,000000E+0
126	808,000000E+0	1,493000E+3	1,346000E+3	217,000000E+0
127	824,000000E+0	1,493000E+3	1,398000E+3	269,000000E+0
128	832,000000E+0	1,493000E+3	1,409000E+3	351,000000E+0
129	847,000000E+0	1,493000E+3	1,377000E+3	503,000000E+0
130	865,000000E+0	1,481000E+3	1,344000E+3	549,000000E+0
131	900,000000E+0	1,450000E+3	1,292000E+3	555,000000E+0
132	903,000000E+0	1,480000E+3	1,270000E+3	554,000000E+0
133	862,000000E+0	1,622000E+3	1,248000E+3	554,000000E+0
134	816,000000E+0	1,723000E+3	1,245000E+3	551,000000E+0
135	741,000000E+0	1,826000E+3	1,242000E+3	551,000000E+0
136	686,000000E+0	1,829000E+3	1,228000E+3	551,000000E+0
137	636,000000E+0	1,758000E+3	1,217000E+3	551,000000E+0
138	637,000000E+0	1,665000E+3	1,211000E+3	551,000000E+0
139	683,000000E+0	1,516000E+3	1,197000E+3	551,000000E+0
140	712,000000E+0	1,494000E+3	1,178000E+3	570,000000E+0
141	754,000000E+0	1,489000E+3	1,142000E+3	583,000000E+0
142	774,000000E+0	1,493000E+3	1,145000E+3	541,000000E+0
143	795,000000E+0	1,493000E+3	1,200000E+3	401,000000E+0
144	796,000000E+0	1,499000E+3	1,242000E+3	307,000000E+0
145	797,000000E+0	1,495000E+3	1,315000E+3	220,000000E+0
146	805,000000E+0	1,496000E+3	1,366000E+3	223,000000E+0
147	823,000000E+0	1,496000E+3	1,408000E+3	308,000000E+0
148	829,000000E+0	1,496000E+3	1,402000E+3	403,000000E+0
149	843,000000E+0	1,496000E+3	1,353000E+3	543,000000E+0
150	864,000000E+0	1,490000E+3	1,322000E+3	581,000000E+0
151	908,000000E+0	1,469000E+3	1,286000E+3	575,000000E+0
152	901,000000E+0	1,522000E+3	1,269000E+3	565,000000E+0
153	840,000000E+0	1,676000E+3	1,255000E+3	560,000000E+0
154	789,000000E+0	1,769000E+3	1,251000E+3	560,000000E+0
155	705,000000E+0	1,832000E+3	1,243000E+3	560,000000E+0
156	662,000000E+0	1,817000E+3	1,235000E+3	559,000000E+0
157	637,000000E+0	1,715000E+3	1,222000E+3	560,000000E+0
158	649,000000E+0	1,614000E+3	1,214000E+3	559,000000E+0
159	697,000000E+0	1,483000E+3	1,193000E+3	560,000000E+0
160	727,000000E+0	1,474000E+3	1,169000E+3	578,000000E+0
161	764,000000E+0	1,479000E+3	1,141000E+3	573,000000E+0
162	780,000000E+0	1,490000E+3	1,156000E+3	500,000000E+0
163	792,000000E+0	1,494000E+3	1,218000E+3	348,000000E+0
164	795,000000E+0	1,494000E+3	1,269000E+3	264,000000E+0
165	804,000000E+0	1,494000E+3	1,351000E+3	216,000000E+0
166	813,000000E+0	1,495000E+3	1,389000E+3	240,000000E+0
167	824,000000E+0	1,494000E+3	1,405000E+3	350,000000E+0
168	833,000000E+0	1,494000E+3	1,386000E+3	453,000000E+0
169	856,000000E+0	1,494000E+3	1,337000E+3	570,000000E+0
170	887,000000E+0	1,467000E+3	1,311000E+3	573,000000E+0
171	908,000000E+0	1,485000E+3	1,277000E+3	568,000000E+0
172	887,000000E+0	1,572000E+3	1,264000E+3	561,000000E+0
173	815,000000E+0	1,726000E+3	1,253000E+3	560,000000E+0
174	760,000000E+0	1,801000E+3	1,250000E+3	559,000000E+0
175	683,000000E+0	1,830000E+3	1,242000E+3	558,000000E+0
176	648,000000E+0	1,792000E+3	1,235000E+3	558,000000E+0
177	640,000000E+0	1,667000E+3	1,224000E+3	558,000000E+0
178	664,000000E+0	1,560000E+3	1,215000E+3	558,000000E+0
179	712,000000E+0	1,466000E+3	1,189000E+3	561,000000E+0
180	743,000000E+0	1,466000E+3	1,160000E+3	580,000000E+0
181	774,000000E+0	1,481000E+3	1,147000E+3	540,000000E+0
182	784,000000E+0	1,492000E+3	1,174000E+3	451,000000E+0
183	790,000000E+0	1,492000E+3	1,244000E+3	301,000000E+0
184	796,000000E+0	1,492000E+3	1,298000E+3	240,000000E+0
185	807,000000E+0	1,492000E+3	1,372000E+3	222,000000E+0
186	816,000000E+0	1,492000E+3	1,400000E+3	269,000000E+0
187	828,000000E+0	1,492000E+3	1,399000E+3	401,000000E+0
188	841,000000E+0	1,492000E+3	1,370000E+3	503,000000E+0
189	872,000000E+0	1,481000E+3	1,325000E+3	573,000000E+0
190	900,000000E+0	1,458000E+3	1,298000E+3	573,000000E+0
191	901,000000E+0	1,524000E+3	1,269000E+3	564,000000E+0
192	866,000000E+0	1,625000E+3	1,258000E+3	560,000000E+0
193	791,000000E+0	1,768000E+3	1,250000E+3	554,000000E+0
194	739,000000E+0	1,826000E+3	1,249000E+3	554,000000E+0
195	664,000000E+0	1,815000E+3	1,238000E+3	554,000000E+0
196	637,000000E+0	1,759000E+3	1,229000E+3	554,000000E+0
197	647,000000E+0	1,612000E+3	1,217000E+3	554,000000E+0
198	682,000000E+0	1,512000E+3	1,205000E+3	554,000000E+0
199	728,000000E+0	1,469000E+3	1,169000E+3	571,000000E+0
200	755,000000E+0	1,470000E+3	1,146000E+3	579,000000E+0
201	780,000000E+0	1,489000E+3	1,157000E+3	500,000000E+0
202	788,000000E+0	1,493000E+3	1,196000E+3	401,000000E+0
203	795,000000E+0	1,493000E+3	1,271000E+3	264,000000E+0
204	800,000000E+0	1,493000E+3	1,327000E+3	222,000000E+0
205	811,000000E+0	1,493000E+3	1,389000E+3	240,000000E+0
206	820,000000E+0	1,493000E+3	1,404000E+3	306,000000E+0
207	832,000000E+0	1,493000E+3	1,386000E+3	453,000000E+0
208	846,000000E+0	1,493000E+3	1,353000E+3	542,000000E+0
209	888,000000E+0	1,468000E+3	1,311000E+3	575,000000E+0
210	908,000000E+0	1,461000E+3	1,287000E+3	572,000000E+0
211	887,000000E+0	1,572000E+3	1,264000E+3	561,000000E+0
212	841,000000E+0	1,678000E+3	1,256000E+3	560,000000E+0
213	761,000000E+0	1,804000E+3	1,251000E+3	556,000000E+0
214	709,000000E+0	1,831000E+3	1,247000E+3	556,000000E+0
215	649,000000E+0	1,792000E+3	1,235000E+3	556,000000E+0
216	636,000000E+0	1,715000E+3	1,227000E+3	556,000000E+0
217	664,000000E+0	1,560000E+3	1,213000E+3	556,000000E+0
218	703,000000E+0	1,476000E+3	1,198000E+3	556,000000E+0
219	743,000000E+0	1,464000E+3	1,156000E+3	576,000000E+0
220	766,000000E+0	1,473000E+3	1,143000E+3	567,000000E+0
221	785,000000E+0	1,493000E+3	1,174000E+3	448,000000E+0
222	790,000000E+0	1,493000E+3	1,218000E+3	346,000000E+0
223	797,000000E+0	1,493000E+3	1,298000E+3	237,000000E+0
224	805,000000E+0	1,493000E+3	1,350000E+3	216,000000E+0
225	820,000000E+0	1,494000E+3	1,399000E+3	269,000000E+0
226	829,000000E+0	1,494000E+3	1,404000E+3	350,000000E+0
227	840,000000E+0	1,494000E+3	1,372000E+3	503,000000E+0
228	858,000000E+0	1,492000E+3	1,337000E+3	567,000000E+0
229	901,000000E+0	1,457000E+3	1,299000E+3	568,000000E+0
230	908,000000E+0	1,485000E+3	1,279000E+3	565,000000E+0
231	865,000000E+0	1,624000E+3	1,258000E+3	560,000000E+0
232	815,000000E+0	1,723000E+3	1,251000E+3	557,000000E+0
233	739,000000E+0	1,825000E+3	1,250000E+3	554,000000E+0
234	687,000000E+0	1,829000E+3	1,244000E+3	553,000000E+0
235	638,000000E+0	1,758000E+3	1,231000E+3	553,000000E+0
236	639,000000E+0	1,665000E+3	1,224000E+3	553,000000E+0
237	683,000000E+0	1,512000E+3	1,208000E+3	554,000000E+0
238	713,000000E+0	1,463000E+3	1,190000E+3	556,000000E+0
239	755,000000E+0	1,466000E+3	1,152000E+3	575,000000E+0
240	774,000000E+0	1,480000E+3	1,147000E+3	539,000000E+0
241	787,000000E+0	1,492000E+3	1,195000E+3	400,000000E+0
242	790,000000E+0	1,492000E+3	1,246000E+3	301,000000E+0
243	800,000000E+0	1,492000E+3	1,327000E+3	221,000000E+0
244	807,000000E+0	1,492000E+3	1,372000E+3	222,000000E+0
245	821,000000E+0	1,492000E+3	1,404000E+3	307,000000E+0
246	828,000000E+0	1,492000E+3	1,400000E+3	401,000000E+0
247	849,000000E+0	1,492000E+3	1,352000E+3	543,000000E+0
248	872,000000E+0	1,481000E+3	1,325000E+3	575,000000E+0
249	908,000000E+0	1,461000E+3	1,286000E+3	571,000000E+0
250	901,000000E+0	1,524000E+3	1,269000E+3	563,000000E+0
251	840,000000E+0	1,678000E+3	1,253000E+3	559,000000E+0
252	791,000000E+0	1,767000E+3	1,250000E+3	553,000000E+0
253	711,000000E+0	1,832000E+3	1,247000E+3	553,000000E+0
254	666,000000E+0	1,816000E+3	1,238000E+3	553,000000E+0
255	635,000000E+0	1,715000E+3	1,225000E+3	553,000000E+0
256	647,000000E+0	1,613000E+3	1,217000E+3	553,000000E+0
257	702,000000E+0	1,476000E+3	1,197000E+3	553,000000E+0
258	729,000000E+0	1,467000E+3	1,169000E+3	568,000000E+0
259	766,000000E+0	1,473000E+3	1,143000E+3	567,000000E+0
260	780,000000E+0	1,489000E+3	1,157000E+3	499,000000E+0
261	789,000000E+0	1,493000E+3	1,217000E+3	347,000000E+0
262	792,000000E+0	1,494000E+3	1,270000E+3	263,000000E+0
263	802,000000E+0	1,494000E+3	1,351000E+3	217,000000E+0
264	810,000000E+0	1,494000E+3	1,388000E+3	240,000000E+0
265	823,000000E+0	1,494000E+3	1,405000E+3	351,000000E+0
266	830,000000E+0	1,494000E+3	1,386000E+3	452,000000E+0
267	852,000000E+0	1,494000E+3	1,336000E+3	576,000000E+0
268	883,000000E+0	1,475000E+3	1,310000E+3	579,000000E+0
269	908,000000E+0	1,487000E+3	1,277000E+3	569,000000E+0
270	887,000000E+0	1,572000E+3	1,264000E+3	560,000000E+0
271	815,000000E+0	1,726000E+3	1,253000E+3	557,000000E+0
272	762,000000E+0	1,803000E+3	1,251000E+3	556,000000E+0
273	685,000000E+0	1,829000E+3	1,242000E+3	555,000000E+0
274	649,000000E+0	1,792000E+3	1,234000E+3	555,000000E+0
275	638,000000E+0	1,667000E+3	1,222000E+3	555,000000E+0
276	662,000000E+0	1,560000E+3	1,211000E+3	555,000000E+0
277	713,000000E+0	1,469000E+3	1,186000E+3	560,000000E+0
278	743,000000E+0	1,469000E+3	1,155000E+3	580,000000E+0
279	773,000000E+0	1,483000E+3	1,146000E+3	539,000000E+0
280	785,000000E+0	1,494000E+3	1,174000E+3	449,000000E+0
281	790,000000E+0	1,493000E+3	1,242000E+3	303,000000E+0
282	795,000000E+0	1,494000E+3	1,297000E+3	240,000000E+0
283	806,000000E+0	1,494000E+3	1,371000E+3	223,000000E+0
284	816,000000E+0	1,494000E+3	1,399000E+3	269,000000E+0
285	826,000000E+0	1,494000E+3	1,399000E+3	401,000000E+0
286	837,000000E+0	1,494000E+3	1,371000E+3	503,000000E+0
287	866,000000E+0	1,486000E+3	1,325000E+3	578,000000E+0
288	900,000000E+0	1,465000E+3	1,297000E+3	576,000000E+0
289	901,000000E+0	1,523000E+3	1,269000E+3	564,000000E+0
290	865,000000E+0	1,624000E+3	1,260000E+3	559,000000E+0
291	790,000000E+0	1,768000E+3	1,252000E+3	556,000000E+0
292	735,000000E+0	1,825000E+3	1,250000E+3	556,000000E+0
293	664,000000E+0	1,815000E+3	1,240000E+3	556,000000E+0
294	639,000000E+0	1,758000E+3	1,232000E+3	556,000000E+0
295	648,000000E+0	1,612000E+3	1,220000E+3	556,000000E+0
296	682,000000E+0	1,512000E+3	1,208000E+3	556,000000E+0
297	729,000000E+0	1,461000E+3	1,176000E+3	567,000000E+0
298	756,000000E+0	1,465000E+3	1,151000E+3	575,000000E+0
299	781,000000E+0	1,489000E+3	1,158000E+3	498,000000E+0
300	788,000000E+0	1,493000E+3	1,196000E+3	399,000000E+0
301	793,000000E+0	1,493000E+3	1,269000E+3	262,000000E+0
302	799,000000E+0	1,493000E+3	1,325000E+3	222,000000E+0
303	812,000000E+0	1,494000E+3	1,388000E+3	241,000000E+0
304	823,000000E+0	1,494000E+3	1,405000E+3	306,000000E+0
305	835,000000E+0	1,494000E+3	1,389000E+3	453,000000E+0
306	848,000000E+0	1,493000E+3	1,352000E+3	545,000000E+0
307	887,000000E+0	1,467000E+3	1,311000E+3	574,000000E+0
308	908,000000E+0	1,460000E+3	1,287000E+3	571,000000E+0
309	886,000000E+0	1,572000E+3	1,263000E+3	560,000000E+0
310	840,000000E+0	1,676000E+3	1,254000E+3	559,000000E+0
311	765,000000E+0	1,801000E+3	1,251000E+3	553,000000E+0
312	711,000000E+0	1,833000E+3	1,248000E+3	553,000000E+0
313	649,000000E+0	1,792000E+3	1,237000E+3	553,000000E+0
314	634,000000E+0	1,716000E+3	1,228000E+3	553,000000E+0
315	663,000000E+0	1,561000E+3	1,216000E+3	553,000000E+0
316	704,000000E+0	1,477000E+3	1,201000E+3	553,000000E+0
317	744,000000E+0	1,463000E+3	1,163000E+3	573,000000E+0
318	766,000000E+0	1,471000E+3	1,146000E+3	565,000000E+0
319	785,000000E+0	1,493000E+3	1,174000E+3	451,000000E+0
320	788,000000E+0	1,494000E+3	1,216000E+3	348,000000E+0
321	793,000000E+0	1,492000E+3	1,293000E+3	239,000000E+0
322	801,000000E+0	1,492000E+3	1,349000E+3	217,000000E+0
323	816,000000E+0	1,492000E+3	1,401000E+3	269,000000E+0
324	823,000000E+0	1,492000E+3	1,406000E+3	352,000000E+0
325	836,000000E+0	1,492000E+3	1,371000E+3	503,000000E+0
326	852,000000E+0	1,492000E+3	1,336000E+3	573,000000E+0
327	899,000000E+0	1,465000E+3	1,297000E+3	576,000000E+0
328	908,000000E+0	1,486000E+3	1,276000E+3	568,000000E+0
329	866,000000E+0	1,623000E+3	1,259000E+3	559,000000E+0
330	816,000000E+0	1,726000E+3	1,253000E+3	558,000000E+0
331	736,000000E+0	1,826000E+3	1,250000E+3	556,000000E+0
332	685,000000E+0	1,829000E+3	1,245000E+3	555,000000E+0
333	639,000000E+0	1,758000E+3	1,232000E+3	555,000000E+0
334	639,000000E+0	1,666000E+3	1,225000E+3	555,000000E+0
335	683,000000E+0	1,512000E+3	1,209000E+3	555,000000E+0
336	714,000000E+0	1,463000E+3	1,190000E+3	559,000000E+0
337	756,000000E+0	1,466000E+3	1,152000E+3	576,000000E+0
338	775,000000E+0	1,481000E+3	1,147000E+3	539,000000E+0
339	787,000000E+0	1,493000E+3	1,196000E+3	402,000000E+0
340	788,000000E+0	1,492000E+3	1,240000E+3	302,000000E+0
341	797,000000E+0	1,493000E+3	1,323000E+3	222,000000E+0
342	806,000000E+0	1,493000E+3	1,372000E+3	225,000000E+0
343	819,000000E+0	1,493000E+3	1,406000E+3	307,000000E+0
344	825,000000E+0	1,493000E+3	1,399000E+3	401,000000E+0
345	842,000000E+0	1,492000E+3	1,353000E+3	543,000000E+0
346	864,000000E+0	1,484000E+3	1,324000E+3	577,000000E+0
347	908,000000E+0	1,464000E+3	1,286000E+3	573,000000E+0
348	901,000000E+0	1,523000E+3	1,269000E+3	563,000000E+0
349	840,000000E+0	1,678000E+3	1,257000E+3	559,000000E+0
350	789,000000E+0	1,769000E+3	1,253000E+3	556,000000E+0
351	708,000000E+0	1,833000E+3	1,249000E+3	556,000000E+0
352	665,000000E+0	1,816000E+3	1,243000E+3	556,000000E+0
353	635,000000E+0	1,715000E+3	1,230000E+3	556,000000E+0
354	649,000000E+0	1,614000E+3	1,223000E+3	556,000000E+0
355	703,000000E+0	1,476000E+3	1,203000E+3	556,000000E+0
356	729,000000E+0	1,460000E+3	1,180000E+3	566,000000E+0
357	766,000000E+0	1,470000E+3	1,150000E+3	565,000000E+0
358	781,000000E+0	1,488000E+3	1,160000E+3	499,000000E+0
359	788,000000E+0	1,493000E+3	1,218000E+3	347,000000E+0
360	790,000000E+0	1,492000E+3	1,268000E+3	263,000000E+0
361	801,000000E+0	1,492000E+3	1,349000E+3	217,000000E+0
362	810,000000E+0	1,492000E+3	1,387000E+3	241,000000E+0
363	822,000000E+0	1,492000E+3	1,405000E+3	350,000000E+0
364	830,000000E+0	1,492000E+3	1,385000E+3	453,000000E+0
365	853,000000E+0	1,492000E+3	1,336000E+3	572,000000E+0
366	886,000000E+0	1,470000E+3	1,311000E+3	576,000000E+0
367	908,000000E+0	1,484000E+3	1,276000E+3	568,000000E+0
368	886,000000E+0	1,571000E+3	1,263000E+3	560,000000E+0
369	816,000000E+0	1,724000E+3	1,253000E+3	558,000000E+0
370	766,000000E+0	1,802000E+3	1,253000E+3	554,000000E+0
371	688,000000E+0	1,828000E+3	1,247000E+3	554,000000E+0
372	649,000000E+0	1,791000E+3	1,238000E+3	554,000000E+0
373	638,000000E+0	1,666000E+3	1,226000E+3	554,000000E+0
374	663,000000E+0	1,560000E+3	1,217000E+3	554,000000E+0
375	714,000000E+0	1,462000E+3	1,193000E+3	555,000000E+0
376	743,000000E+0	1,460000E+3	1,165000E+3	571,000000E+0
377	775,000000E+0	1,478000E+3	1,150000E+3	538,000000E+0
378	785,000000E+0	1,493000E+3	1,176000E+3	451,000000E+0
379	789,000000E+0	1,493000E+3	1,244000E+3	303,000000E+0
380	794,000000E+0	1,493000E+3	1,296000E+3	236,000000E+0
381	806,000000E+0	1,493000E+3	1,371000E+3	222,000000E+0
382	815,000000E+0	1,493000E+3	1,399000E+3	268,000000E+0
383	828,000000E+0	1,493000E+3	1,401000E+3	401,000000E+0
384	840,000000E+0	1,494000E+3	1,370000E+3	503,000000E+0
385	870,000000E+0	1,484000E+3	1,325000E+3	576,000000E+0
386	900,000000E+0	1,462000E+3	1,297000E+3	575,000000E+0
387	901,000000E+0	1,523000E+3	1,268000E+3	563,000000E+0
388	865,000000E+0	1,625000E+3	1,258000E+3	559,000000E+0
389	792,000000E+0	1,766000E+3	1,252000E+3	552,000000E+0
390	742,000000E+0	1,826000E+3	1,251000E+3	553,000000E+0
391	665,000000E+0	1,816000E+3	1,241000E+3	553,000000E+0
392	637,000000E+0	1,759000E+3	1,231000E+3	553,000000E+0
393	648,000000E+0	1,611000E+3	1,220000E+3	553,000000E+0
394	683,000000E+0	1,512000E+3	1,209000E+3	553,000000E+0
395	729,000000E+0	1,462000E+3	1,178000E+3	564,000000E+0
396	756,000000E+0	1,465000E+3	1,153000E+3	572,000000E+0
397	781,000000E+0	1,488000E+3	1,159000E+3	500,000000E+0
398	787,000000E+0	1,493000E+3	1,196000E+3	398,000000E+0
399	792,000000E+0	1,493000E+3	1,269000E+3	263,000000E+0
400	798,000000E+0	1,493000E+3	1,325000E+3	222,000000E+0
