0 0 14 7 7
1 -22 91 35 -64
2 -43 112 70 -92
3 -50 105 70 -92
4 -57 91 77 -99
5 -57 91 77 -92
6 -50 56 77 -92
7 -43 63 77 -92
8 -36 49 77 -92
9 -36 49 84 -85
10 -36 42 77 -85
11 -29 35 77 -92
12 -29 14 77 -78
13 -29 14 91 -78
14 -36 0 84 -64
15 -36 0 84 -50
16 -43 -8 91 -43
17 -50 0 98 -36
18 -64 -8 105 -22
19 -78 -8 105 -15
20 -78 -15 112 7
21 -71 -8 119 7
22 -78 -8 133 21
23 -85 -8 140 42
24 -85 -15 154 49
25 -99 -8 154 56
26 -99 -8 168 63
27 -106 -8 175 70
28 -113 -22 189 77
29 -113 -22 182 77
30 -120 -22 175 91
31 -113 -29 182 91
32 -120 -29 182 91
33 -120 -29 182 98
34 -113 -29 182 91
35 -106 -36 175 98
36 -99 -29 168 105
37 -92 -36 161 105
38 -85 -43 154 105
39 -85 -36 147 98
40 -78 -43 147 112
41 -78 -36 140 98
42 -78 -43 147 98
43 -71 -43 140 105
44 -64 -43 140 112
45 -64 -43 133 105
46 -57 -43 126 112
47 -57 -50 126 112
48 -57 -50 119 112
49 -50 -50 119 105
50 -50 -43 119 105
51 -50 -50 119 105
52 -50 -43 119 105
53 -50 -50 119 112
54 -50 -50 119 105
55 -50 -43 119 105
56 -50 -43 119 105
57 -50 -43 119 105
58 -50 -50 119 105
59 -50 -50 119 105
60 -50 -50 119 105
61 -50 -50 119 105
62 -50 -50 119 105
63 -50 -50 119 105
64 -50 -43 119 105
65 -50 -50 119 105
66 -50 -50 119 105
67 -50 -43 119 105
68 -50 -43 119 105
69 -50 -43 119 105
70 -50 -43 119 105
71 -50 -43 119 105
72 -50 -50 119 105
73 -50 -50 119 105
74 -43 -43 119 105
75 -50 -50 119 105
76 -50 -43 119 105
77 -50 -43 119 105
78 -50 -50 119 105
79 -50 -43 119 112
80 -50 -50 119 105
81 -50 -50 119 105
82 -50 -43 119 112
83 -50 -43 119 105
84 -50 -43 119 105
85 -50 -50 119 105
86 -50 -50 119 105
87 -50 -43 119 105
88 -50 -50 119 105
89 -50 -43 119 105
90 -50 -43 119 112
91 -50 -50 119 105
92 -50 -43 119 105
93 -50 -50 119 112
94 -43 -43 119 105
95 -50 -50 119 105
96 -50 -50 119 105
97 -50 -43 119 105
98 -50 -50 119 112
99 -43 -50 119 105
100 -50 -43 119 105
101 -50 -43 133 77
102 -29 -113 428 -415
103 -22 -197 583 -626
104 -29 -218 632 -535
105 -29 -225 534 -324
106 -15 -218 274 77
107 -8 -225 49 351
108 14 -233 -296 632
109 49 -254 -436 625
110 196 -247 -458 421
111 239 -120 -366 232
112 -197 562 -268 182
113 -472 738 -218 175
114 -683 576 -211 175
115 -668 295 -225 175
116 -450 -141 -218 175
117 -190 -415 -211 175
118 196 -675 -225 182
119 344 -626 -268 203
120 330 -50 -422 323
121 274 70 -366 175
122 225 -71 161 -570
123 189 -176 499 -732
124 210 -190 738 -521
125 203 -176 759 -204
126 70 -183 442 203
127 35 -197 147 464
128 28 -204 -296 667
129 77 -233 -415 562
130 260 -197 -345 316
131 182 119 -247 232
132 -310 703 -134 225
133 -577 738 -92 217
134 -718 421 -99 225
135 -668 133 -78 225
136 -296 -268 -15 225
137 -22 -514 0 225
138 316 -654 -36 239
139 372 -521 -113 281
140 351 -268 -247 210
141 288 -183 -29 -169
142 196 -197 428 -718
143 154 -197 618 -732
144 175 -218 801 -380
145 189 -211 710 -92
146 98 -218 309 337
147 56 -225 -29 562
148 126 -240 -359 646
149 203 -282 -373 442
150 295 -225 -310 77
151 -15 295 -261 70
152 -486 710 -197 140
153 -647 653 -169 154
154 -668 302 -141 154
155 -535 7 -106 154
156 -183 -415 -78 154
157 70 -598 -64 161
158 351 -605 -106 182
159 393 -310 -218 253
160 330 -99 -204 70
161 274 -106 119 -436
162 203 -183 555 -732
163 210 -197 731 -746
164 225 -176 857 -225
165 182 -183 632 49
166 63 -204 119 450
167 56 -197 -169 625
168 175 -240 -359 569
169 330 -331 -310 217
170 217 0 -275 63
171 -190 541 -225 98
172 -584 710 -169 161
173 -690 555 -155 161
174 -626 147 -127 161
175 -436 -134 -92 161
176 -50 -521 -36 161
177 225 -647 -57 168
178 393 -486 -148 217
179 372 -218 -247 253
180 295 -113 -43 -183
181 253 -141 295 -591
182 189 -190 632 -767
183 210 -190 745 -514
184 189 -190 632 -106
185 154 -190 407 196
186 112 -197 -15 562
187 133 -204 -254 675
188 246 -261 -373 442
189 400 -380 -296 91
190 42 267 -254 56
191 -345 667 -211 126
192 -647 667 -176 168
193 -697 428 -162 168
194 -556 0 -127 168
195 -324 -282 -92 168
196 77 -605 -43 175
197 309 -640 -85 182
198 386 -317 -211 267
199 351 -134 -282 225
200 281 -106 126 -429
201 232 -176 442 -690
202 203 -204 724 -675
203 210 -197 773 -366
204 161 -197 555 56
205 126 -204 274 330
206 98 -211 -155 653
207 147 -225 -338 667
208 323 -338 -324 225
209 351 -240 -310 77
210 -190 534 -225 91
211 -486 731 -197 147
212 -697 576 -169 168
213 -690 295 -169 168
214 -458 -141 -134 168
215 -197 -415 -99 175
216 225 -654 -92 182
217 351 -605 -113 203
218 379 -134 -282 309
219 323 -50 -204 98
220 246 -113 295 -598
221 203 -197 555 -746
222 217 -190 759 -528
223 196 -190 724 -261
224 133 -197 414 196
225 98 -204 119 464
226 105 -211 -268 682
227 161 -240 -366 576
228 351 -338 -324 147
229 161 21 -282 77
230 -352 682 -211 133
231 -591 717 -183 168
232 -725 435 -169 196
233 -683 133 -183 196
234 -352 -275 -127 196
235 -36 -521 -92 196
236 316 -654 -113 210
237 372 -479 -169 253
238 344 -85 -289 274
239 288 -50 -50 -141
240 225 -169 435 -697
241 203 -190 639 -739
242 196 -197 738 -380
243 168 -197 618 -113
244 112 -197 267 337
245 84 -204 -8 576
246 133 -218 -331 667
247 203 -268 -373 435
248 302 -225 -317 84
249 -15 309 -261 70
250 -486 717 -204 154
251 -647 660 -183 161
252 -697 288 -190 189
253 -577 0 -176 189
254 -204 -408 -134 189
255 98 -598 -113 196
256 372 -605 -169 217
257 351 -268 -268 288
258 309 -8 -254 154
259 253 -43 91 -380
260 203 -190 548 -739
261 203 -183 696 -612
262 189 -183 703 -233
263 147 -190 534 49
264 77 -190 133 464
265 56 -190 -148 632
266 126 -233 -387 562
267 260 -324 -331 260
268 161 63 -296 105
269 -197 555 -240 126
270 -577 710 -169 168
271 -683 597 -148 196
272 -668 140 -169 210
273 -486 -127 -141 210
274 -36 -514 -78 210
275 225 -640 -85 217
276 372 -472 -162 267
277 379 -169 -282 330
278 288 -57 -57 -148
279 253 -120 295 -591
280 203 -190 632 -732
281 203 -190 717 -514
282 175 -190 604 -113
283 147 -197 393 203
284 112 -197 0 576
285 133 -211 -247 675
286 225 -268 -373 428
287 372 -380 -324 98
288 -8 267 -261 56
289 -359 689 -225 126
290 -647 653 -190 168
291 -704 435 -176 168
292 -549 7 -162 168
293 -324 -289 -134 175
294 84 -591 -113 182
295 309 -668 -141 189
296 358 -275 -268 267
297 344 -29 -345 288
298 260 -50 98 -380
299 217 -155 428 -697
300 203 -183 703 -605
301 203 -183 738 -359
302 161 -190 534 49
303 126 -190 281 337
304 91 -197 -148 639
305 126 -211 -338 653
306 288 -331 -324 210
307 281 -218 -317 77
308 -190 548 -240 105
309 -486 724 -197 147
310 -690 583 -162 168
311 -683 309 -162 175
312 -443 -141 -134 182
313 -190 -415 -113 175
314 210 -647 -113 189
315 358 -598 -155 210
316 379 -106 -303 323
317 309 -22 -225 133
318 232 -106 288 -584
319 203 -190 555 -732
320 225 -183 773 -521
321 217 -183 745 -254
322 140 -190 414 196
323 98 -190 112 471
324 119 -204 -261 660
325 168 -233 -366 562
326 379 -359 -310 112
327 203 -15 -282 56
328 -359 675 -211 133
329 -584 724 -190 168
330 -711 442 -169 175
331 -647 140 -176 175
332 -331 -275 -141 182
333 -50 -521 -113 182
334 309 -661 -148 196
335 372 -486 -211 239
336 330 -22 -352 302
337 274 0 -106 -106
338 217 -148 414 -690
339 210 -190 632 -732
340 239 -169 829 -373
341 217 -169 696 -99
342 126 -183 267 337
343 91 -197 -29 562
344 147 -204 -331 660
345 246 -254 -366 428
346 365 -240 -289 63
347 35 281 -254 63
348 -472 710 -190 154
349 -640 653 -183 168
350 -704 302 -183 175
351 -570 0 -162 175
352 -190 -408 -120 182
353 98 -591 -106 182
354 372 -612 -162 203
355 344 -261 -261 274
356 309 -22 -247 119
357 253 -50 98 -401
358 210 -190 548 -739
359 217 -183 710 -626
360 217 -183 710 -247
361 168 -183 520 56
362 119 -190 133 457
363 126 -190 -141 646
364 196 -225 -366 569
365 337 -324 -331 210
366 225 -29 -289 35
367 -190 534 -233 84
368 -577 710 -197 161
369 -690 555 -183 161
370 -633 147 -176 168
371 -443 -134 -148 168
372 -50 -514 -113 168
373 210 -633 -120 175
374 365 -479 -204 225
375 372 -106 -317 309
376 274 -15 -106 -120
377 232 -99 281 -584
378 203 -190 632 -732
379 225 -176 745 -500
380 189 -183 625 -106
381 147 -183 400 196
382 105 -190 -15 569
383 133 -197 -254 675
384 232 -254 -366 421
385 386 -373 -303 77
386 21 246 -254 49
387 -352 667 -218 126
388 -654 653 -183 168
389 -711 428 -176 168
390 -542 7 -148 168
391 -324 -275 -127 168
392 84 -598 -106 175
393 302 -647 -134 182
394 365 -268 -268 267
395 344 -36 -338 288
396 253 -50 91 -380
397 217 -155 421 -697
398 217 -197 724 -633
399 217 -176 780 -366
400 161 -183 541 49
