0.0 0.0 0.0 0.0 0.0
0.05 0.0 0.3467789213928956 0.05474699345795542 -0.2058026692967586
0.1 -0.09640849943690274 0.45515570187540944 0.2371662807672978 -0.35036558687307495
0.15 -0.13241172121413863 0.41678999519487603 0.23683857461868468 -0.3490941712808155
0.2 -0.1687426491399877 0.34350956701279983 0.27327873792740465 -0.38564356997240645
0.25 -0.1686334137571167 0.34350956701279983 0.27316950254453365 -0.34927580207970976
0.3 -0.13208401506552558 0.16076257355484436 0.2730602671616626 -0.3490941712808155
0.35 -0.09553461637393451 0.19731197224643549 0.27327873792740465 -0.3490941712808155
0.4 -0.05909445306521449 0.12421317486325323 0.27327873792740465 -0.3489125404819213
0.45 -0.05909445306521449 0.12421317486325323 0.3098281366189958 -0.31254477258922436
0.5 -0.05909445306521449 0.08766377617166218 0.2733879733102757 -0.3127264033881187
0.55 -0.022654289756494417 0.05165926987675379 0.27327873792740465 -0.3494574328786039
0.6 -0.022654289756494417 0.0 0.27327873792740465 -0.2763586354954217
0.65 -0.022763525139365443 0.0 0.34648677069345785 -0.276540266294316
0.7 -0.059312923830956515 0.0 0.3098281366189958 -0.20344146891113385
0.75 -0.05942215921382757 0.0 0.3098281366189958 -0.13034267152795165
0.8 -0.0961900286711607 0.0 0.34637753531058685 -0.09361164203746639
0.85 -0.13241172121413863 0.0 0.3830361693850489 -0.057062243345875285
0.9 -0.2055105185973209 0.0 0.41969480345951105 0.0
0.95 -0.278609315980503 0.0 0.41991327422525304 0.0
1.0 -0.278609315980503 0.0 0.45646267291684417 0.0
1.05 -0.24216915267178302 0.0 0.4929028362255642 0.0
1.1 -0.27882778674624503 0.0 0.5660016336087464 0.0
1.15 -0.31537718543783616 0.0 0.6026602676832086 0.0938392233340655
1.2 -0.31537718543783616 0.0 0.6757590650663906 0.13020699122676238
1.25 -0.38847598282101825 0.0 0.6757590650663906 0.1667563899183535
1.3 -0.38858521820388925 0.0 0.7488578624495728 0.20312415781105037
1.35 -0.4251346168954804 0.0 0.7852980257582928 0.23967355650264144
1.4 -0.4615747802042004 0.0 0.8583968231414751 0.2762229551942324
1.45 -0.4615747802042004 0.0 0.8217381890670131 0.2760413243953383
1.5 -0.49801494351292064 0.0 0.7851887903754219 0.34914012177852044
1.55 -0.4614655448213294 -0.025053614626639575 0.821628953684142 0.3489584909796262
1.6 -0.49801494351292064 -0.025235245425533792 0.8217381890670131 0.3489584909796262
1.65 -0.49801494351292064 -0.02541687622442798 0.8217381890670131 0.3856895204701115
1.7 -0.4614655448213294 -0.025235245425533792 0.8217381890670131 0.3489584909796262
1.75 -0.4250253815126094 -0.06123975172044224 0.7852980257582928 0.38478136647564043
1.8 -0.38847598282101825 -0.024508722229956897 0.7487486270667018 0.42114913436833734
1.85 -0.3519265841294273 -0.061058120921548026 0.7121992283751107 0.42133076516723156
1.9 -0.3154864208207072 -0.09760751961313907 0.6756498296835196 0.4215123959661258
1.95 -0.3154864208207072 -0.06123975172044224 0.6392096663747996 0.38496299727453465
2.0 -0.2789370221291161 -0.09778915041203329 0.6392096663747996 0.4580617946577168
2.05 -0.2789370221291161 -0.06087649012265378 0.6026602676832086 0.3845997356767462
2.1 -0.2789370221291161 -0.09724425801535064 0.6393189017576707 0.384418104877852
2.15 -0.24249685882039612 -0.09724425801535064 0.6026602676832086 0.4209675035694431
2.2 -0.205947460128805 -0.09724425801535064 0.6027695030660797 0.45751690226103414
2.25 -0.205947460128805 -0.09724425801535064 0.5662201043744886 0.4209675035694431
2.3 -0.16939806143721386 -0.09724425801535064 0.5296707056828974 0.4573352714621399
2.35 -0.16950729682008492 -0.13343039510915333 0.5297799410657685 0.4571536406632458
2.4 -0.16950729682008492 -0.13324876431025906 0.4932305423741774 0.4569720098643515
2.45 -0.13295789812849385 -0.13324876431025906 0.4932305423741774 0.42024098037386615
2.5 -0.13306713351136484 -0.0965177348197738 0.4933397777570483 0.42024098037386615
2.55 -0.13306713351136484 -0.13306713351136484 0.4933397777570483 0.42024098037386615
2.6 -0.13306713351136484 -0.0965177348197738 0.4933397777570483 0.42024098037386615
2.65 -0.13306713351136484 -0.13306713351136484 0.4933397777570483 0.4567903790654574
2.7 -0.13306713351136484 -0.13306713351136484 0.4933397777570483 0.42024098037386615
2.75 -0.13306713351136484 -0.0965177348197738 0.4933397777570483 0.42024098037386615
2.8 -0.13306713351136484 -0.0965177348197738 0.4933397777570483 0.42024098037386615
2.85 -0.13306713351136484 -0.0965177348197738 0.4933397777570483 0.42024098037386615
2.9 -0.13306713351136484 -0.13306713351136484 0.4933397777570483 0.42024098037386615
2.95 -0.13306713351136484 -0.13306713351136484 0.4933397777570483 0.42024098037386615
3.0 -0.13306713351136484 -0.13306713351136484 0.4933397777570483 0.42024098037386615
3.05 -0.13306713351136484 -0.13306713351136484 0.4933397777570483 0.42024098037386615
3.1 -0.13306713351136484 -0.13306713351136484 0.4933397777570483 0.42024098037386615
3.15 -0.13306713351136484 -0.13306713351136484 0.4933397777570483 0.42024098037386615
3.2 -0.13306713351136484 -0.0965177348197738 0.4933397777570483 0.42024098037386615
3.25 -0.13306713351136484 -0.13306713351136484 0.4933397777570483 0.42024098037386615
3.3 -0.13306713351136484 -0.13306713351136484 0.4933397777570483 0.42024098037386615
3.35 -0.13306713351136484 -0.0965177348197738 0.4933397777570483 0.42024098037386615
3.4 -0.13306713351136484 -0.0965177348197738 0.4933397777570483 0.42024098037386615
3.45 -0.13306713351136484 -0.0965177348197738 0.4933397777570483 0.42024098037386615
3.5 -0.13306713351136484 -0.0965177348197738 0.4933397777570483 0.42024098037386615
3.55 -0.13306713351136484 -0.0965177348197738 0.4933397777570483 0.42024098037386615
3.6 -0.13306713351136484 -0.13306713351136484 0.4933397777570483 0.42024098037386615
3.65 -0.13306713351136484 -0.13306713351136484 0.4933397777570483 0.42024098037386615
3.7 -0.0965177348197738 -0.0965177348197738 0.4933397777570483 0.42024098037386615
3.75 -0.13306713351136484 -0.13306713351136484 0.4933397777570483 0.42024098037386615
3.8 -0.13306713351136484 -0.0965177348197738 0.4933397777570483 0.42024098037386615
3.85 -0.13306713351136484 -0.0965177348197738 0.4933397777570483 0.42024098037386615
3.9 -0.13306713351136484 -0.13306713351136484 0.4933397777570483 0.42024098037386615
3.95 -0.13306713351136484 -0.0965177348197738 0.4933397777570483 0.4567903790654574
4.0 -0.13306713351136484 -0.13306713351136484 0.4933397777570483 0.42024098037386615
4.05 -0.13306713351136484 -0.13306713351136484 0.4933397777570483 0.42024098037386615
4.1 -0.13306713351136484 -0.0965177348197738 0.4933397777570483 0.4567903790654574
4.15 -0.13306713351136484 -0.0965177348197738 0.4933397777570483 0.42024098037386615
4.2 -0.13306713351136484 -0.0965177348197738 0.4933397777570483 0.42024098037386615
4.25 -0.13306713351136484 -0.13306713351136484 0.4933397777570483 0.42024098037386615
4.3 -0.13306713351136484 -0.13306713351136484 0.4933397777570483 0.42024098037386615
4.35 -0.13306713351136484 -0.0965177348197738 0.4933397777570483 0.42024098037386615
4.4 -0.13306713351136484 -0.13306713351136484 0.4933397777570483 0.42024098037386615
4.45 -0.13306713351136484 -0.0965177348197738 0.4933397777570483 0.42024098037386615
4.5 -0.13306713351136484 -0.0965177348197738 0.4933397777570483 0.4567903790654574
4.55 -0.13306713351136484 -0.13306713351136484 0.4933397777570483 0.42024098037386615
4.6 -0.13306713351136484 -0.0965177348197738 0.4933397777570483 0.42024098037386615
4.65 -0.13306713351136484 -0.13306713351136484 0.4933397777570483 0.4567903790654574
4.7 -0.0965177348197738 -0.0965177348197738 0.4933397777570483 0.42024098037386615
4.75 -0.13306713351136484 -0.13306713351136484 0.4933397777570483 0.42024098037386615
4.8 -0.13306713351136484 -0.13306713351136484 0.4933397777570483 0.42024098037386615
4.85 -0.13306713351136484 -0.0965177348197738 0.4933397777570483 0.42024098037386615
4.9 -0.13306713351136484 -0.13306713351136484 0.4933397777570483 0.4567903790654574
4.95 -0.0965177348197738 -0.13306713351136484 0.4933397777570483 0.42024098037386615
5.0 -0.13306713351136484 -0.0965177348197738 0.4933397777570483 0.42024098037386615
5.05 -0.13306713351136484 -0.0965177348197738 0.5664385751402305 0.27404338560750185
5.1 -0.0233097020537206 -0.4627382449312615 2.1058607797943147 -2.0355878537642327
5.15 0.0 -0.9029657064204025 2.911017949130447 -3.1236688472651255
5.2 -0.023418937436591625 -1.0115241177018106 3.1641328553998087 -2.6412614323186734
5.25 -0.023418937436591625 -1.046802100801142 2.6513489198888234 -1.543009114079704
5.3 0.0 -1.0102527021095509 1.2953291209899205 0.28584938753562583
5.35 0.0 -1.046802100801142 0.12456872935500657 1.6999688764785321
5.4 0.0 -1.0885728421629604 -1.4175174303872802 3.156086688079855
5.45 0.12675343701242725 -1.1982210382377336 -2.143917518138518 3.1090027030524
5.5 0.8933076910900007 -1.1609451163505655 -2.257257761523324 2.0472997835050206
5.55 1.1159684244009669 -0.492930565661555 -1.7770034712452842 1.0782658371236948
5.6 -0.9036630967551665 2.8065762114666355 -1.2661857726259775 0.821194581188003
5.65 -2.3336336203926376 3.704281717956016 -1.0074125821549038 0.785734967289777
5.7 -3.431404450027239 2.8504324502278493 -0.9722832434406364 0.785734967289777
5.75 -3.3506811315506675 1.3890473454585934 -1.0463651592696577 0.785734967289777
5.8 -2.2123191940582463 -0.6203785800279613 -1.0097065251951958 0.785734967289777
5.85 -0.8578286905195378 -2.03159197618856 -0.9728294203549915 0.785734967289777
5.9 0.8980048125534551 -3.377153437720639 -1.0457097469724315 0.8222843659813681
5.95 1.6650832878378017 -3.111499583739213 -1.2696813048778504 0.9319325620561415
6.0 1.5896905474143277 -0.10745719086728059 -2.0730034284127568 1.5584936824834172
6.05 1.297732299413083 0.24185312608937198 -1.7786420019883495 0.7833737669041523
6.1 1.0426511562520426 -0.24471326837397456 0.7159132313927259 -2.8468939064373004
6.15 0.8564305862497968 -0.794044033541206 2.4747191078716457 -3.6724087695379697
6.2 0.967280371536151 -0.8655081537343403 3.7190152384212256 -2.564530018957607
6.25 0.9308402082274311 -0.7909563099600043 3.826151020689965 -0.9166296244513225
6.3 0.23552775002423226 -0.8275057086515953 2.170657688079299 0.9408324712019579
6.35 0.053326933480632 -0.9006045060347777 0.6334201910826348 2.285076566644073
6.4 0.016886770171911925 -0.9371539047263687 -1.420139079576185 3.3335663883698783
6.45 0.27240485486443644 -1.0885728421629604 -2.035143205126713 2.7787866992358206
6.5 1.2268182096873215 -0.897516782453576 -1.6676829813191238 1.505415881092452
6.55 0.8190073044952373 0.4978805477294037 -1.155772928871107 1.0813535607048967
6.6 -1.4920362877477853 3.5364284500073864 -0.5672905024956166 1.046802100801142
6.65 -2.8804545407891804 3.699377686385873 -0.3501788180034907 1.0050313594393234
6.7 -3.6134960311879696 2.040034551549252 -0.38814827667240526 1.046802100801142
6.75 -3.350353425402054 0.5482754952508091 -0.2779539036832767 1.046802100801142
6.8 -1.4080139520775004 -1.2760422363921653 0.0 1.046802100801142
6.85 0.0 -2.542329453378659 0.0 1.046802100801142
6.9 1.5225996960890522 -3.2627828408746162 -0.05898521768234341 1.1199008981843241
6.95 1.8097515872439716 -2.5656198037509723 -0.4603731909926191 1.3390156595349767
7.0 1.699338743489101 -1.258060787301638 -1.1587222842086247 0.9646677139709537
7.05 1.3708310967962656 -0.8258710314615475 -0.019704934418976527 -0.7562232192573556
7.1 0.8915599249640641 -0.9009677676325659 2.107171604388767 -3.6122057588762773
7.15 0.6739020635575831 -0.9009677676325659 3.0928910595254338 -3.668231261163403
7.2 0.7850795549925509 -1.0111608561040222 4.047085943582577 -1.8290472256511356
7.25 0.8585060585243461 -0.9733400418201715 3.5706329359974416 -0.336743276956009
7.3 0.3823807570878227 -1.0102527021095509 1.4765468190876812 1.6337720494533294
7.35 0.16242895264105006 -1.046802100801142 -0.02833452966578809 2.7905927011639444
7.4 0.5287968226199292 -1.1251222408545516 -1.7466804893773422 3.2199223147194322
7.45 0.930075560547334 -1.3444186330040977 -1.8140990468512306 2.1536786251996984
7.5 1.4085820846994377 -1.0437143772199402 -1.4851544586269103 0.2604210756904358
7.55 0.0 1.4146572881026778 -1.2306194923802254 0.23749398691591084
7.6 -2.409572537730466 3.566257509139892 -0.8973274445486467 0.6044410202229754
7.65 -3.243545349281929 3.252839097433139 -0.7525499097596059 0.6768132944105807
7.7 -3.3507903669335386 1.4219641281723 -0.6070077272904676 0.6760867712150037
7.75 -2.6560240856446953 0.0 -0.42447920459825417 0.6760867712150037
7.8 -0.8196407610848809 -2.0379490541498573 -0.2781723744490189 0.6760867712150037
7.85 0.24022487148768673 -2.9749284213142424 -0.20485510630009462 0.712636169906595
7.9 1.703598923421071 -3.003304434055594 -0.42393302768389907 0.8222843659813681
7.95 1.91896284178726 -1.46682259311532 -1.007958759069259 1.1928180647686122
8.0 1.58990901818007 -0.3807395384022628 -0.9334399017087535 0.234224632535815
8.05 1.29849694709318 -0.42618884623967046 0.49607066232882413 -2.1463258346323713
8.1 0.9289832067186238 -0.8298669090372203 2.768534357381697 -3.677857693504796
8.15 0.967061900770409 -0.9013310292303546 3.681701192049537 -3.7393321197587497
8.2 1.0460374531210443 -0.7909563099600043 4.337733366989369 -1.0217370505537402
8.25 0.8213012475355289 -0.8275057086515953 3.1629312661882274 0.13692733078584834
8.3 0.1997429990127384 -0.9371539047263687 0.4862394778704312 2.2181532164232936
8.35 0.16297512955540522 -0.9006045060347777 -0.7562639127772209 3.114451627019226
8.4 0.7842056719295826 -1.1251222408545516 -1.7446050171027925 2.8153360979274114
8.45 1.5920937258374903 -1.5997195314485526 -1.4852636940097814 0.9841438175664888
8.5 1.0006619441244822 0.0 -1.3030628774661812 0.19458751026302223
8.55 -0.8662398150006072 2.6923872454195066 -1.0429788624006555 0.3845997356767462
8.6 -2.918751705606708 3.5580841231896523 -0.7517852620795085 0.7142708470966428
8.65 -3.466643024124379 2.7409658849519696 -0.6798880539079076 0.7129994315043833
8.7 -3.1312755040182503 0.6161069994660591 -0.5343458714387695 0.7129994315043833
8.75 -2.1396573382065482 -0.5772904725761785 -0.3514896425979432 0.712636169906595
8.8 -0.1265130105391029 -2.5846910376348644 -0.05876674691660139 0.712636169906595
8.85 1.0477852192469812 -3.2264150729819194 -0.1684149429913746 0.749185568598186
8.9 1.920929078678939 -2.3803299791084975 -0.6432294198334456 1.0050313594393234
8.95 1.8088777041810031 -0.9935426686112833 -1.1586130488257536 1.1917282799752469
9.0 1.4072712601049853 -0.4587423673555886 -0.09192984873919044 -0.8313199554283739
9.05 1.1895041633156334 -0.6103888860887796 1.4131699707800212 -2.9498217629529875
9.1 0.8566490570155387 -0.8667795693265999 3.16850227071465 -3.8547925013981366
9.15 0.9679357838333774 -0.8642367381420809 3.7545815186669773 -2.5283438818638047
9.2 0.8581783523757331 -0.8640551073431867 3.1629312661882274 -0.4045747811712589
9.25 0.6745574758548093 -0.8640551073431867 1.9882384007699563 0.8982892561468577
9.3 0.45504261293952075 -0.9006045060347777 0.0 2.7967681483263482
9.35 0.5652369859286492 -0.9371539047263687 -1.1982210382377336 3.3715228829549178
9.4 1.1549210015157207 -1.2347704369293249 -1.8154098714456826 2.1516806864118623
9.45 1.9569323004561747 -1.8533857527029602 -1.4122741320094705 0.3338831346714064
9.5 0.08649003530322105 1.2713657861186207 -1.1936331521571502 0.16257888154378652
9.55 -1.6733632212284175 3.3417397743201183 -0.9704262419318289 0.5317054844375816
9.6 -3.2454023507907364 3.3284807260008398 -0.7887716023025836 0.7506386149893398
9.65 -3.5024277751358723 2.079490043023151 -0.7168743941309829 0.7495488301959743
9.7 -2.7655630463365974 0.0 -0.5344551068216405 0.7493671993970803
9.75 -1.555740842204059 -1.3433288482107328 -0.35116193644933 0.749185568598186
9.8 0.27895897783669826 -3.017108374771554 -0.0952069102253214 0.785734967289777
9.85 1.4844117666543957 -3.1862330583124434 -0.31439406699199685 0.8222843659813681
9.9 1.8826319138614114 -1.4986495910356616 -0.9715185957605393 1.2660984929506887
9.95 1.6996664496377143 -0.5629416394635357 -1.3408138653693538 1.0437143772199402
10.0 1.3345001688704161 -0.42491743064741094 0.5338216502319967 -2.1144988367120297
10.05 1.0804021441552152 -0.7938624027423117 2.1786318710288843 -3.459469455349721
10.1 0.9301847959302049 -0.9391518435142051 3.646899559483883 -3.3707963597593418
10.15 0.9680450192162483 -0.9006045060347777 3.899795994987503 -1.757401474659107
10.2 0.7116530514607556 -0.9006045060347777 2.76034170366637 0.17947054584094846
10.25 0.528469116471316 -0.9371539047263687 1.2951106502241783 1.5917737267949126
10.3 0.3821622863220806 -0.9737033034179597 -0.6853498230514592 3.2662797765513107
10.35 0.6383357833118315 -1.046802100801142 -1.634738350262277 3.327209310408581
10.4 1.5565274455917386 -1.6368138225368267 -1.558362491392964 1.0202840041625865
10.45 1.700212626552069 -1.1211263632788788 -1.4857006355412654 0.26714141524952173
10.5 -0.8684245226580279 2.662558186287001 -1.0425419208691715 0.34714218299068406
10.55 -2.4071693593073036 3.6688221040577904 -0.8979828568458729 0.6417169421101433
10.6 -3.504612482793293 2.8506140810267437 -0.7528776159082189 0.7500937225926572
10.65 -3.465550670295668 1.3885024530619106 -0.7538607343540582 0.7495488301959743
10.7 -2.2540899354200645 -0.6201969492290671 -0.5708952701303608 0.749185568598186
10.75 -0.8939411476796447 -2.031410345389666 -0.38760209975805004 0.785734967289777
10.8 1.0500791622872727 -3.267505241645866 -0.3509434656835879 0.8222843659813681
10.85 1.7016326865293925 -3.001669756865546 -0.4603731909926191 0.9319325620561415
10.9 1.8453178674897233 -0.5467764983619505 -1.342015454580935 1.4853948851002348
10.95 1.5534688548713498 -0.12961614833237478 -0.9325660186457855 0.380240596503285
11.0 1.1522993523268155 -0.46346476812683834 1.4151362076716993 -2.9929098704047705
11.05 0.9297478543987207 -0.9036922296159792 2.7664588851071477 -3.7455075669211526
11.1 1.0039390056106132 -0.8649632613376579 3.8281172575816433 -2.6010794176491987
11.15 0.8945092803015818 -0.8640551073431867 3.642967085700526 -1.2144277874531726
11.2 0.5651277505457781 -0.9006045060347777 2.0243508579300635 0.9044647033092609
11.25 0.3822715217049516 -0.9371539047263687 0.4876595378477546 2.285258197442967
11.3 0.41893015577941384 -0.9737033034179597 -1.2731768371297232 3.4124314208199706
11.35 0.7107791683977875 -1.1251222408545516 -1.7790789435198335 2.8513406042223206
11.4 1.7018511572951347 -1.6362689301401439 -1.5582532560100928 0.6186498306505781
11.45 0.7080482838260116 0.0 -1.3398307469235147 0.2722270776185598
11.5 -1.7120973275774292 3.4285965619215557 -0.9698800650174736 0.5673467291347016
11.55 -2.9530071612580073 3.5897294903110994 -0.8254302363770458 0.7504569841904455
11.6 -3.6494992529652053 2.1147680261224826 -0.7532053220568321 0.8961096865601271
11.65 -3.429110506986948 0.5475489720552323 -0.8271780025029822 0.8959280557612329
11.7 -1.7011737892903263 -1.312954896681545 -0.5343458714387695 0.8953831633645503
11.75 -0.05461580236750213 -2.578515590472461 -0.3509434656835879 0.8953831633645503
11.8 1.5232551083862784 -3.262601210075722 -0.4607008971412322 0.9684819607477323
11.85 1.8095331164782298 -2.34432547281359 -0.7525499097596059 1.1929996955675062
11.9 1.6623524032660253 -0.2978326778787931 -1.3780186763581712 1.3019213684467026
11.95 1.3710495675620074 -0.1327038719135764 -0.1290254243451367 -0.6103888860887796
12.0 1.0431973331663977 -0.757494634849615 2.144704121526198 -3.5043738707904457
12.05 0.9304032666959471 -0.8664163077288114 3.2031946678974337 -3.7045990290561006
12.1 0.8947277510673238 -0.9007861368336717 3.7175951784439025 -1.8286839640533468
12.15 0.7482024501523465 -0.9006045060347777 3.0895047626564316 -0.4467547346285705
12.2 0.45537031908813375 -0.9006045060347777 1.2575781330867475 1.6341353110511183
12.25 0.30884501817315646 -0.9371539047263687 0.0 2.863691498547127
12.3 0.5650185151629071 -1.0102527021095509 -1.6002644238452355 3.3299337723919944
12.35 0.9299663251644629 -1.271319835620916 -1.8142082822341012 2.116765964910319
12.4 1.4452407187738996 -1.0438960080188346 -1.5218130927013727 0.2976969975776037
12.45 0.0 1.487392823888071 -1.2305102569973543 0.23749398691591084
12.5 -2.409572537730466 3.602625277032588 -0.9338768432402377 0.6777214484050517
12.55 -3.243545349281929 3.289570126923625 -0.8257579425256589 0.7133626931021718
12.6 -3.502755481284485 1.3485020691913299 -0.8632904596630894 0.8597419186674307
12.65 -2.8756481839428547 0.0 -0.7904101330456493 0.8588337646729592
12.7 -0.9288520156281704 -2.0006731322626887 -0.5703490932160056 0.8588337646729592
12.75 0.3872963493170192 -2.9752916829120313 -0.46048242637549 0.8953831633645503
12.8 1.813356354878716 -3.003304434055594 -0.75298685129109 1.0050313594393234
12.85 1.6990110373404876 -1.246981308569091 -1.268916657197753 1.375746689025462
12.9 1.480151586722425 0.0 -1.1941793290715053 0.6731806784326965
12.95 1.1888487510184067 -0.09778915041203329 0.34987306756245995 -1.8548387990941135
13.0 0.9290924421014944 -0.8675060925221766 2.7319849586901066 -3.715678507788647
13.05 0.93073097284456 -0.8284138626460666 3.499172669357324 -3.039672201948292
13.1 0.8581783523757331 -0.8275057086515953 3.533865066540107 -1.0635077919155584
13.15 0.6384450186947024 -0.8640551073431867 2.65102121374021 0.13656406918805986
13.2 0.27273256101304943 -0.8640551073431867 0.5593382752536135 2.2912520138064765
13.25 0.16297512955540522 -0.8640551073431867 -0.6467249520853187 3.1511826565097114
13.3 0.528469116471316 -1.0885728421629604 -1.8908026118691565 2.7789683300347146
13.35 1.2267089743044504 -1.5633517635558558 -1.594693419318813 1.2082982907884743
13.4 0.7083759899746247 0.2051220965988867 -1.412711073540955 0.41388390241256867
13.45 -0.9028984490750697 2.766212565998265 -1.121299002454065 0.531160592040899
13.5 -2.882420777680859 3.5589922771841236 -0.7517852620795085 0.7511835073860224
13.55 -3.430202860815658 2.9600806463026226 -0.6434478905991878 0.8961096865601271
13.6 -3.3508996023164097 0.5791943391766795 -0.7539699697369291 0.9692084839433092
13.65 -2.4007244717179126 -0.5398329198901164 -0.6073354334390807 0.9684819607477323
13.7 -0.05297727162443666 -2.5479600081443796 -0.2778446683004058 0.9684819607477323
13.75 1.0480036900127234 -3.189684043491434 -0.31439406699199685 1.0050313594393234
13.8 1.8112808826041658 -2.30741281252421 -0.7163282172166276 1.2660984929506887
13.85 1.8452086321068522 -0.7373336161723572 -1.3413600422837089 1.5939532963816432
13.9 1.3708310967962656 -0.1661655470239659 -0.1651378815052436 -0.6485729619704186
13.95 1.1895041633156334 -0.501285582410689 1.413388441545763 -2.9500033937518815
14.0 0.9298570897815918 -0.8673244617232826 3.16850227071465 -3.6724087695379697
14.05 0.9312771497589151 -0.8642367381420809 3.607946982369129 -2.52816225106491
14.1 0.7849703196096798 -0.8640551073431867 3.01651520065612 -0.4418507030584268
14.15 0.6381173125460892 -0.9006045060347777 1.915358074152516 0.935020285637343
14.2 0.45526108370526286 -0.9006045060347777 0.0 2.8698669457095307
14.25 0.5652369859286492 -0.9737033034179597 -1.1616716395461424 3.3715228829549178
14.3 1.0449450992923341 -1.271319835620916 -1.8156283422114252 2.07858188902868
14.35 1.810734705689811 -1.8537490143007482 -1.5585809621587057 0.3702509025641032
14.4 0.0 1.2710025245208323 -1.2301825508487414 0.1623972507448923
14.45 -1.7464620186116 3.4575174670595894 -1.043525039315011 0.5317054844375816
14.5 -3.2454023507907364 3.255563559416552 -0.8619796350686371 0.7504569841904455
14.55 -3.5391956445932053 2.116039441714742 -0.7901916622799072 0.749912091793763
14.6 -2.7294505891764906 0.0 -0.7175298064282091 0.7495488301959743
14.65 -1.555631606821188 -1.3796966161034296 -0.5705675639817476 0.785734967289777
14.7 0.31583608267690255 -2.944191208187267 -0.4605916617583611 0.8222843659813681
14.75 1.4844117666543957 -3.3324306530788075 -0.6068984919075965 0.8588337646729592
14.8 1.7363250837121762 -1.279171568087221 -1.2694628341121081 1.2660984929506887
14.85 1.6627893447975102 -0.012884351100727165 -1.6697584535936736 1.3737487502376253
14.9 1.2248519727956428 -0.13288550271247068 0.3878425262313743 -1.8582897842731034
14.95 1.0021912394846768 -0.6853039914609038 2.1059700151771863 -3.4971086388346775
15.0 0.930512502078818 -0.8298669090372203 3.5372513634091094 -3.004939111245642
15.05 0.9313863851417864 -0.8275057086515953 3.716939766146676 -1.7212153375653036
15.1 0.7115438160778847 -0.8640551073431867 2.650802742974468 0.14310277794825155
15.15 0.528359881088445 -0.8640551073431867 1.3318785196815117 1.6283231254865038
15.2 0.3452851814818765 -0.9006045060347777 -0.6486911889769973 3.192817717570341
15.25 0.5285783518541871 -0.9737033034179597 -1.6349568210280192 3.2539288822265044
15.3 1.3737804521337833 -1.6002644238452355 -1.5584717267758346 0.9419638641091771
15.35 1.3348278750190294 -1.0055303013383012 -1.5223592696157278 0.2678679384450986
15.4 -0.8678783457436727 2.735293722072395 -1.1208620609225814 0.42024098037386615
15.45 -2.407060123924433 3.631727812969518 -0.8977643860801306 0.6411720497134606
15.5 -3.4679538487188313 2.8877083721150174 -0.7161097464508858 0.7500937225926572
15.55 -3.4295474485184316 1.4612379888473042 -0.7175298064282091 0.7866431212842482
15.6 -2.1760975015152684 -0.620923472424644 -0.5712229762789738 0.8224659967802626
15.65 -0.8568455720736984 -2.031047083791877 -0.46048242637549 0.785734967289777
15.7 0.9719774929996056 -3.230955842954275 -0.46048242637549 0.8588337646729592
15.75 1.7380728498381126 -2.9653019889728496 -0.6797788185250365 0.9684819607477323
15.8 1.8453178674897233 -0.40094216519337456 -1.4517728860385795 1.5584936824834172
15.85 1.4803700574881673 0.0 -1.0422142147205586 0.5622610667656637
15.9 1.0792005549436339 -0.4265521078374588 1.378586808980109 -2.920174334619377
15.95 0.9297478543987207 -0.8671428309243883 2.7663496497242765 -3.6724087695379697
16.0 1.0457097469724315 -0.8282322318471722 3.9012160549648263 -2.564348388158712
16.05 1.0042667117592265 -0.8275057086515953 3.752615281775299 -1.1780600195604753
16.1 0.6018956200031114 -0.8640551073431867 2.0243508579300635 0.9042830725103669
16.15 0.3822715217049516 -0.8640551073431867 0.4512193745390346 2.3218075961345583
16.2 0.492028953162596 -0.9371539047263687 -1.2366274384381324 3.297198620477182
16.25 0.7475470378551204 -1.0885728421629604 -1.7791881789027042 2.778241806839138
16.3 1.8481579874443703 -1.746280387812706 -1.4852636940097814 0.43535794479594003
16.35 0.926907734444074 0.0 -1.3398307469235147 0.1623972507448923
16.4 -1.7487559616518915 3.3924104248277533 -0.9698800650174736 0.5678916215313843
16.45 -2.916348527183546 3.62664215060048 -0.862088870451508 0.7508202457882338
16.5 -3.5765096909648944 2.150954163216286 -0.7532053220568321 0.7862798596864596
16.55 -3.2410329354758947 0.5840983707468235 -0.7906286038113912 0.7860982288875654
16.6 -1.5914163578326819 -1.312954896681545 -0.6073354334390807 0.8222843659813681
16.65 -0.12782383513355527 -2.5788788520702504 -0.4605916617583611 0.8222843659813681
16.7 1.486596474311816 -3.299332239566208 -0.6434478905991878 0.8953831633645503
16.75 1.8095331164782298 -2.3806932407062864 -0.9717370665262811 1.1199008981843241
16.8 1.5893628412657144 0.0 -1.706963264582491 1.4479373324141727
16.85 1.2979507701788253 0.0 -0.42131137849499434 -0.4278235234297182
16.9 1.0014265918045795 -0.6478464387748418 2.0350559254514247 -3.4674612105010665
16.95 0.967061900770409 -0.8662346769299173 3.166645269205842 -3.668049630364509
17.0 1.119245485887098 -0.7545885420673076 4.192737361434586 -1.7921345653617555
17.05 1.0040482409934843 -0.7544069112684134 3.4966602555512907 -0.3738375680442826
17.1 0.528469116471316 -0.8275057086515953 1.2575781330867475 1.6343169418500123
17.15 0.3456128876304897 -0.9006045060347777 -0.02735141121994883 2.790955962761733
17.2 0.6382265479289604 -0.9371539047263687 -1.6002644238452355 3.2932027429015087
17.25 1.1542655892184945 -1.1982210382377336 -1.7777681189253807 2.080398197017622
17.3 1.7741853069982194 -1.1223977788711386 -1.3758339687007504 0.18768553990504216
17.35 0.050705284291727215 1.3411952291217073 -1.1939608583057635 0.20094458822431976
17.4 -2.3364737403472846 3.566802401536575 -0.8608872812399265 0.6777214484050517
17.45 -3.206995950590337 3.252839097433139 -0.8259764132914009 0.7497304609948685
17.5 -3.5390864092103342 1.4214192357756175 -0.8267410609714981 0.7862798596864596
17.55 -2.8389895498683932 0.0 -0.717420571045338 0.785734967289777
17.6 -0.8560809243936012 -2.0008547630615836 -0.4975780019814364 0.8222843659813681
17.65 0.38707787855127707 -2.938560653421546 -0.42415149844964106 0.8222843659813681
17.7 1.813356354878716 -3.0400354635460793 -0.7165466879823699 0.9319325620561415
17.75 1.6622431678831546 -1.209342125084135 -1.232476493889033 1.3026478916422795
17.8 1.4800423513395544 0.0 -1.1581761072942696 0.49152346976810624
17.85 1.1888487510184067 -0.13488344150030696 0.38675017240266396 -1.9644869951688873
17.9 0.9656418407930855 -0.8682326157177535 2.732640370987333 -3.7165866617831185
17.95 1.0042667117592265 -0.8285954934449606 3.5728176436548615 -3.1124077377336845
18.0 1.0045944179078394 -0.8275057086515953 3.570851406763183 -1.1364249584998465
18.05 0.7478747440037335 -0.8275057086515953 2.577813180974157 0.17311346787965098
18.1 0.4917012470139829 -0.8640551073431867 0.5590105691050004 2.2547026151148852
18.15 0.528469116471316 -0.8640551073431867 -0.6102847887765986 3.2242814538928934
18.2 0.893963103387227 -1.046802100801142 -1.780935945028641 2.8153360979274114
18.25 1.6288615952948233 -1.5633517635558558 -1.594802654701684 0.9474127880760038
18.3 1.0421049793376875 -0.019241429062024695 -1.3761616748493637 0.04857154629555213
18.35 -0.8662398150006072 2.65601947752681 -1.0847496037624742 0.3118641998913525
18.4 -2.882202306915117 3.5586290155863356 -0.8979828568458729 0.7146341086944314
18.45 -3.4668614948901206 2.7409658849519696 -0.826304119440014 0.7133626931021718
18.5 -3.1683710796241966 0.6159253686671649 -0.7906286038113912 0.7500937225926572
18.55 -2.176206736898139 -0.5765639493806017 -0.6439940675135429 0.749185568598186
18.6 -0.12585759824187676 -2.5479600081443796 -0.4605916617583611 0.749185568598186
18.65 0.9695743145764427 -3.153134644799843 -0.4972502958328233 0.785734967289777
18.7 1.7746222485297034 -2.343780580416907 -0.9356246093661743 1.046802100801142
18.75 1.808659233415261 -0.40748087395356636 -1.524434741890277 1.484668361904658
18.8 1.2978415347959538 0.0 -0.42131137849499434 -0.5016488440084773
18.85 1.079746731857989 -0.39200064793370404 1.3405081149283231 -2.9139988874569736
18.9 0.9298570897815918 -0.8676877233210708 3.1688299768632624 -3.6727720311357586
18.95 1.0462559238867866 -0.7911379407588987 3.754363047901235 -2.455063453681728
19.0 0.8581783523757331 -0.8275057086515953 3.1262726321137655 -0.40530130436683576
19.05 0.6381173125460892 -0.8275057086515953 1.9520167082269784 0.8981076253479633
19.1 0.41871168501367173 -0.8640551073431867 0.0 2.833317547017939
19.15 0.5651277505457781 -0.9006045060347777 -1.1981118028548625 3.3715228829549178
19.2 1.0817129687496676 -1.1982210382377336 -1.7790789435198335 2.0418508595381946
19.25 1.8838335030729927 -1.8179261388047339 -1.4488235307010613 0.2600578140926474
19.3 0.0 1.1608094360493761 -1.1937423875400213 0.12602948285219545
19.35 -1.7099126199200088 3.342466297515695 -1.0069756406234198 0.5320687460353701
19.4 -3.2819517494823276 3.2557451902154466 -0.8254302363770458 0.7508202457882338
19.45 -3.5759635140505384 2.079490043023151 -0.7901916622799072 0.749912091793763
19.5 -2.6931196612506416 0.0 -0.6445402444278981 0.7495488301959743
19.55 -1.555194665289704 -1.3062345571224592 -0.5339089299072854 0.7493671993970803
19.6 0.31627302420838665 -2.980558976079964 -0.42393302768389907 0.785734967289777
19.65 1.4477531325799333 -3.222600826205141 -0.5702398578331345 0.8222843659813681
19.7 1.7727652470208963 -1.2426221693956299 -1.2695720694949792 1.2660984929506887
19.75 1.6630078155632515 -0.05034190378678932 -1.6330998195192117 1.373203857840943
19.8 1.1883025741040516 -0.1327038719135764 0.35129312753978337 -1.8584714150719979
19.85 1.0021912394846768 -0.6849407298631153 2.069311381102724 -3.4965637464379946
19.9 1.0036112994620003 -0.9029657064204025 3.6470087948667542 -3.1514999676097952
19.95 1.0044851825249683 -0.7909563099600043 3.9361269229133518 -1.7579463670557893
20.0 0.7116530514607556 -0.8275057086515953 2.6872429062831875 0.14273951635046317
