0	0,000000E+0	0,000000E+0	0,000000E+0	0,000000E+0
1	0,000000E+0	2,000000E+0	0,000000E+0	65,534000E+3
2	65,535000E+3	9,000000E+0	3,000000E+0	65,525000E+3
3	65,530000E+3	19,000000E+0	6,000000E+0	65,518000E+3
4	65,528000E+3	20,000000E+0	7,000000E+0	65,518000E+3
5	65,527000E+3	20,000000E+0	8,000000E+0	65,519000E+3
6	65,527000E+3	20,000000E+0	9,000000E+0	65,518000E+3
7	65,527000E+3	20,000000E+0	7,000000E+0	65,518000E+3
8	65,528000E+3	20,000000E+0	7,000000E+0	65,517000E+3
9	65,528000E+3	20,000000E+0	7,000000E+0	65,518000E+3
10	65,528000E+3	20,000000E+0	6,000000E+0	65,519000E+3
11	65,529000E+3	17,000000E+0	7,000000E+0	65,520000E+3
12	65,529000E+3	17,000000E+0	7,000000E+0	65,520000E+3
13	65,530000E+3	19,000000E+0	6,000000E+0	65,521000E+3
14	65,530000E+3	18,000000E+0	7,000000E+0	65,521000E+3
15	65,531000E+3	17,000000E+0	7,000000E+0	65,521000E+3
16	65,533000E+3	17,000000E+0	7,000000E+0	65,520000E+3
17	65,530000E+3	15,000000E+0	6,000000E+0	65,520000E+3
18	65,530000E+3	14,000000E+0	5,000000E+0	65,521000E+3
19	65,530000E+3	14,000000E+0	3,000000E+0	65,519000E+3
20	65,530000E+3	14,000000E+0	3,000000E+0	65,520000E+3
21	65,531000E+3	14,000000E+0	4,000000E+0	65,521000E+3
22	65,532000E+3	14,000000E+0	4,000000E+0	65,521000E+3
23	65,532000E+3	13,000000E+0	3,000000E+0	65,522000E+3
24	65,532000E+3	13,000000E+0	3,000000E+0	65,523000E+3
25	65,532000E+3	12,000000E+0	3,000000E+0	65,523000E+3
26	65,533000E+3	12,000000E+0	3,000000E+0	65,524000E+3
27	65,533000E+3	12,000000E+0	4,000000E+0	65,524000E+3
28	65,532000E+3	11,000000E+0	4,000000E+0	65,524000E+3
29	65,532000E+3	11,000000E+0	5,000000E+0	65,525000E+3
30	65,531000E+3	10,000000E+0	5,000000E+0	65,525000E+3
31	65,531000E+3	9,000000E+0	6,000000E+0	65,526000E+3
32	65,531000E+3	10,000000E+0	5,000000E+0	65,526000E+3
33	65,531000E+3	11,000000E+0	5,000000E+0	65,525000E+3
34	65,531000E+3	10,000000E+0	5,000000E+0	65,526000E+3
35	65,532000E+3	7,000000E+0	4,000000E+0	65,530000E+3
36	65,532000E+3	6,000000E+0	4,000000E+0	65,531000E+3
37	65,532000E+3	6,000000E+0	4,000000E+0	65,530000E+3
38	65,533000E+3	6,000000E+0	4,000000E+0	65,529000E+3
39	65,533000E+3	7,000000E+0	3,000000E+0	65,529000E+3
40	65,533000E+3	7,000000E+0	3,000000E+0	65,529000E+3
41	65,533000E+3	5,000000E+0	3,000000E+0	65,531000E+3
42	65,533000E+3	4,000000E+0	2,000000E+0	65,532000E+3
43	65,534000E+3	4,000000E+0	3,000000E+0	65,532000E+3
44	65,534000E+3	4,000000E+0	2,000000E+0	65,532000E+3
45	65,534000E+3	4,000000E+0	2,000000E+0	65,532000E+3
46	65,534000E+3	4,000000E+0	2,000000E+0	65,533000E+3
47	65,535000E+3	2,000000E+0	1,000000E+0	65,534000E+3
48	65,535000E+3	1,000000E+0	1,000000E+0	65,535000E+3
49	65,535000E+3	1,000000E+0	1,000000E+0	0,000000E+0
50	0,000000E+0	0,000000E+0	0,000000E+0	0,000000E+0
51	0,000000E+0	0,000000E+0	0,000000E+0	0,000000E+0
52	0,000000E+0	0,000000E+0	0,000000E+0	0,000000E+0
53	0,000000E+0	0,000000E+0	0,000000E+0	0,000000E+0
54	0,000000E+0	0,000000E+0	0,000000E+0	0,000000E+0
55	0,000000E+0	0,000000E+0	0,000000E+0	0,000000E+0
56	0,000000E+0	0,000000E+0	0,000000E+0	0,000000E+0
57	0,000000E+0	0,000000E+0	0,000000E+0	0,000000E+0
58	0,000000E+0	0,000000E+0	0,000000E+0	0,000000E+0
59	0,000000E+0	0,000000E+0	0,000000E+0	0,000000E+0
60	0,000000E+0	0,000000E+0	0,000000E+0	0,000000E+0
61	0,000000E+0	0,000000E+0	0,000000E+0	0,000000E+0
62	0,000000E+0	0,000000E+0	0,000000E+0	0,000000E+0
63	0,000000E+0	0,000000E+0	0,000000E+0	0,000000E+0
64	0,000000E+0	0,000000E+0	0,000000E+0	0,000000E+0
65	0,000000E+0	0,000000E+0	0,000000E+0	0,000000E+0
66	0,000000E+0	0,000000E+0	0,000000E+0	0,000000E+0
67	0,000000E+0	0,000000E+0	0,000000E+0	0,000000E+0
68	0,000000E+0	0,000000E+0	0,000000E+0	0,000000E+0
69	0,000000E+0	0,000000E+0	0,000000E+0	0,000000E+0
70	0,000000E+0	0,000000E+0	0,000000E+0	0,000000E+0
71	0,000000E+0	0,000000E+0	0,000000E+0	0,000000E+0
72	0,000000E+0	0,000000E+0	0,000000E+0	0,000000E+0
73	0,000000E+0	0,000000E+0	0,000000E+0	0,000000E+0
74	0,000000E+0	0,000000E+0	0,000000E+0	0,000000E+0
75	0,000000E+0	0,000000E+0	0,000000E+0	0,000000E+0
76	0,000000E+0	0,000000E+0	0,000000E+0	0,000000E+0
77	0,000000E+0	0,000000E+0	0,000000E+0	0,000000E+0
78	0,000000E+0	0,000000E+0	0,000000E+0	0,000000E+0
79	0,000000E+0	0,000000E+0	0,000000E+0	0,000000E+0
80	0,000000E+0	0,000000E+0	0,000000E+0	0,000000E+0
81	0,000000E+0	0,000000E+0	0,000000E+0	0,000000E+0
82	0,000000E+0	0,000000E+0	0,000000E+0	0,000000E+0
83	0,000000E+0	0,000000E+0	0,000000E+0	0,000000E+0
84	0,000000E+0	0,000000E+0	0,000000E+0	0,000000E+0
85	0,000000E+0	0,000000E+0	0,000000E+0	0,000000E+0
86	0,000000E+0	0,000000E+0	0,000000E+0	0,000000E+0
87	0,000000E+0	0,000000E+0	0,000000E+0	0,000000E+0
88	0,000000E+0	0,000000E+0	0,000000E+0	0,000000E+0
89	0,000000E+0	0,000000E+0	0,000000E+0	0,000000E+0
90	0,000000E+0	0,000000E+0	0,000000E+0	0,000000E+0
91	0,000000E+0	0,000000E+0	0,000000E+0	0,000000E+0
92	0,000000E+0	0,000000E+0	0,000000E+0	0,000000E+0
93	0,000000E+0	0,000000E+0	0,000000E+0	0,000000E+0
94	0,000000E+0	0,000000E+0	0,000000E+0	0,000000E+0
95	0,000000E+0	0,000000E+0	0,000000E+0	0,000000E+0
96	0,000000E+0	0,000000E+0	0,000000E+0	0,000000E+0
97	0,000000E+0	0,000000E+0	0,000000E+0	0,000000E+0
98	0,000000E+0	0,000000E+0	0,000000E+0	0,000000E+0
99	0,000000E+0	0,000000E+0	0,000000E+0	0,000000E+0
100	0,000000E+0	0,000000E+0	0,000000E+0	0,000000E+0
101	0,000000E+0	0,000000E+0	0,000000E+0	0,000000E+0
102	65,535000E+3	4,000000E+0	8,000000E+0	65,518000E+3
103	65,535000E+3	13,000000E+0	46,000000E+0	65,443000E+3
104	0,000000E+0	7,000000E+0	71,000000E+0	65,403000E+3
105	0,000000E+0	0,000000E+0	81,000000E+0	65,422000E+3
106	0,000000E+0	0,000000E+0	67,000000E+0	65,471000E+3
107	2,000000E+0	0,000000E+0	30,000000E+0	26,000000E+0
108	4,000000E+0	0,000000E+0	0,000000E+0	87,000000E+0
109	10,000000E+0	0,000000E+0	65,494000E+3	145,000000E+0
110	19,000000E+0	65,532000E+3	65,480000E+3	126,000000E+0
111	36,000000E+0	65,505000E+3	65,481000E+3	28,000000E+0
112	28,000000E+0	65,535000E+3	65,489000E+3	6,000000E+0
113	65,510000E+3	116,000000E+0	65,510000E+3	0,000000E+0
114	65,474000E+3	160,000000E+0	65,523000E+3	0,000000E+0
115	65,452000E+3	128,000000E+0	65,532000E+3	0,000000E+0
116	65,451000E+3	67,000000E+0	65,531000E+3	0,000000E+0
117	65,479000E+3	65,496000E+3	65,528000E+3	0,000000E+0
118	65,512000E+3	65,430000E+3	65,526000E+3	0,000000E+0
119	28,000000E+0	65,376000E+3	65,521000E+3	0,000000E+0
120	49,000000E+0	65,395000E+3	65,514000E+3	0,000000E+0
121	45,000000E+0	65,512000E+3	65,496000E+3	13,000000E+0
122	38,000000E+0	11,000000E+0	65,506000E+3	65,529000E+3
123	22,000000E+0	17,000000E+0	25,000000E+0	65,417000E+3
124	11,000000E+0	8,000000E+0	58,000000E+0	65,383000E+3
125	10,000000E+0	0,000000E+0	81,000000E+0	65,423000E+3
126	18,000000E+0	0,000000E+0	84,000000E+0	65,487000E+3
127	13,000000E+0	0,000000E+0	56,000000E+0	53,000000E+0
128	12,000000E+0	0,000000E+0	24,000000E+0	116,000000E+0
129	15,000000E+0	0,000000E+0	65,502000E+3	152,000000E+0
130	25,000000E+0	65,519000E+3	65,484000E+3	91,000000E+0
131	30,000000E+0	65,511000E+3	65,482000E+3	11,000000E+0
132	13,000000E+0	34,000000E+0	65,496000E+3	0,000000E+0
133	65,497000E+3	143,000000E+0	65,516000E+3	0,000000E+0
134	65,468000E+3	166,000000E+0	65,529000E+3	0,000000E+0
135	65,449000E+3	100,000000E+0	65,524000E+3	0,000000E+0
136	65,449000E+3	26,000000E+0	65,522000E+3	0,000000E+0
137	65,488000E+3	65,462000E+3	65,527000E+3	0,000000E+0
138	65,530000E+3	65,404000E+3	65,527000E+3	0,000000E+0
139	42,000000E+0	65,389000E+3	65,521000E+3	1,000000E+0
140	49,000000E+0	65,463000E+3	65,509000E+3	21,000000E+0
141	45,000000E+0	65,527000E+3	65,502000E+3	10,000000E+0
142	35,000000E+0	2,000000E+0	65,532000E+3	65,488000E+3
143	20,000000E+0	2,000000E+0	54,000000E+0	65,394000E+3
144	6,000000E+0	5,000000E+0	66,000000E+0	65,387000E+3
145	3,000000E+0	65,534000E+3	78,000000E+0	65,450000E+3
146	12,000000E+0	0,000000E+0	81,000000E+0	65,524000E+3
147	18,000000E+0	0,000000E+0	45,000000E+0	87,000000E+0
148	10,000000E+0	0,000000E+0	2,000000E+0	138,000000E+0
149	17,000000E+0	0,000000E+0	65,486000E+3	144,000000E+0
150	34,000000E+0	65,519000E+3	65,486000E+3	75,000000E+0
151	36,000000E+0	65,523000E+3	65,498000E+3	0,000000E+0
152	0,000000E+0	71,000000E+0	65,506000E+3	65,528000E+3
153	65,475000E+3	158,000000E+0	65,519000E+3	65,532000E+3
154	65,453000E+3	148,000000E+0	65,525000E+3	0,000000E+0
155	65,450000E+3	67,000000E+0	65,527000E+3	0,000000E+0
156	65,464000E+3	65,531000E+3	65,526000E+3	0,000000E+0
157	65,511000E+3	65,429000E+3	65,524000E+3	0,000000E+0
158	10,000000E+0	65,384000E+3	65,522000E+3	0,000000E+0
159	46,000000E+0	65,405000E+3	65,515000E+3	1,000000E+0
160	47,000000E+0	65,491000E+3	65,502000E+3	18,000000E+0
161	38,000000E+0	4,000000E+0	65,511000E+3	65,524000E+3
162	27,000000E+0	13,000000E+0	12,000000E+0	65,447000E+3
163	13,000000E+0	4,000000E+0	65,000000E+0	65,383000E+3
164	7,000000E+0	0,000000E+0	82,000000E+0	65,398000E+3
165	9,000000E+0	0,000000E+0	82,000000E+0	65,486000E+3
166	11,000000E+0	0,000000E+0	65,000000E+0	19,000000E+0
167	13,000000E+0	0,000000E+0	17,000000E+0	115,000000E+0
168	14,000000E+0	0,000000E+0	65,519000E+3	152,000000E+0
169	27,000000E+0	65,533000E+3	65,487000E+3	115,000000E+0
170	40,000000E+0	65,510000E+3	65,492000E+3	35,000000E+0
171	20,000000E+0	24,000000E+0	65,501000E+3	65,531000E+3
172	65,513000E+3	116,000000E+0	65,512000E+3	65,527000E+3
173	65,462000E+3	159,000000E+0	65,523000E+3	65,534000E+3
174	65,451000E+3	129,000000E+0	65,529000E+3	65,534000E+3
175	65,455000E+3	31,000000E+0	65,528000E+3	0,000000E+0
176	65,476000E+3	65,494000E+3	65,525000E+3	0,000000E+0
177	65,527000E+3	65,405000E+3	65,525000E+3	0,000000E+0
178	28,000000E+0	65,375000E+3	65,522000E+3	0,000000E+0
179	50,000000E+0	65,444000E+3	65,508000E+3	7,000000E+0
180	46,000000E+0	65,518000E+3	65,494000E+3	21,000000E+0
181	32,000000E+0	12,000000E+0	65,528000E+3	65,492000E+3
182	20,000000E+0	15,000000E+0	31,000000E+0	65,415000E+3
183	5,000000E+0	1,000000E+0	67,000000E+0	65,385000E+3
184	6,000000E+0	0,000000E+0	82,000000E+0	65,421000E+3
185	14,000000E+0	0,000000E+0	81,000000E+0	65,520000E+3
186	16,000000E+0	0,000000E+0	57,000000E+0	53,000000E+0
187	11,000000E+0	0,000000E+0	0,000000E+0	137,000000E+0
188	14,000000E+0	0,000000E+0	65,498000E+3	155,000000E+0
189	33,000000E+0	65,521000E+3	65,488000E+3	73,000000E+0
190	44,000000E+0	65,507000E+3	65,494000E+3	10,000000E+0
191	0,000000E+0	71,000000E+0	65,506000E+3	65,526000E+3
192	65,492000E+3	144,000000E+0	65,516000E+3	65,528000E+3
193	65,455000E+3	150,000000E+0	65,527000E+3	65,534000E+3
194	65,449000E+3	101,000000E+0	65,530000E+3	65,535000E+3
195	65,463000E+3	65,530000E+3	65,525000E+3	0,000000E+0
196	65,491000E+3	65,460000E+3	65,524000E+3	0,000000E+0
197	9,000000E+0	65,385000E+3	65,523000E+3	0,000000E+0
198	44,000000E+0	65,379000E+3	65,516000E+3	0,000000E+0
199	46,000000E+0	65,488000E+3	65,503000E+3	17,000000E+0
200	43,000000E+0	65,533000E+3	65,500000E+3	14,000000E+0
201	27,000000E+0	16,000000E+0	11,000000E+0	65,452000E+3
202	16,000000E+0	11,000000E+0	49,000000E+0	65,395000E+3
203	4,000000E+0	0,000000E+0	76,000000E+0	65,395000E+3
204	9,000000E+0	0,000000E+0	87,000000E+0	65,453000E+3
205	13,000000E+0	0,000000E+0	69,000000E+0	18,000000E+0
206	14,000000E+0	0,000000E+0	37,000000E+0	84,000000E+0
207	11,000000E+0	0,000000E+0	65,517000E+3	151,000000E+0
208	18,000000E+0	0,000000E+0	65,487000E+3	146,000000E+0
209	41,000000E+0	65,514000E+3	65,491000E+3	38,000000E+0
210	40,000000E+0	65,523000E+3	65,497000E+3	0,000000E+0
211	65,514000E+3	110,000000E+0	65,512000E+3	65,524000E+3
212	65,475000E+3	159,000000E+0	65,522000E+3	65,531000E+3
213	65,452000E+3	131,000000E+0	65,531000E+3	65,534000E+3
214	65,451000E+3	66,000000E+0	65,529000E+3	0,000000E+0
215	65,475000E+3	65,495000E+3	65,524000E+3	0,000000E+0
216	65,506000E+3	65,430000E+3	65,523000E+3	0,000000E+0
217	28,000000E+0	65,375000E+3	65,521000E+3	0,000000E+0
218	51,000000E+0	65,399000E+3	65,514000E+3	0,000000E+0
219	46,000000E+0	65,517000E+3	65,494000E+3	19,000000E+0
220	38,000000E+0	8,000000E+0	65,510000E+3	65,528000E+3
221	20,000000E+0	17,000000E+0	31,000000E+0	65,417000E+3
222	10,000000E+0	5,000000E+0	63,000000E+0	65,383000E+3
223	8,000000E+0	0,000000E+0	85,000000E+0	65,424000E+3
224	12,000000E+0	0,000000E+0	85,000000E+0	65,486000E+3
225	13,000000E+0	0,000000E+0	52,000000E+0	52,000000E+0
226	12,000000E+0	0,000000E+0	17,000000E+0	113,000000E+0
227	17,000000E+0	0,000000E+0	65,500000E+3	155,000000E+0
228	26,000000E+0	65,533000E+3	65,486000E+3	115,000000E+0
229	42,000000E+0	65,507000E+3	65,494000E+3	10,000000E+0
230	20,000000E+0	24,000000E+0	65,501000E+3	65,531000E+3
231	65,492000E+3	143,000000E+0	65,517000E+3	65,529000E+3
232	65,463000E+3	157,000000E+0	65,525000E+3	65,532000E+3
233	65,453000E+3	104,000000E+0	65,533000E+3	65,533000E+3
234	65,456000E+3	28,000000E+0	65,529000E+3	0,000000E+0
235	65,487000E+3	65,460000E+3	65,523000E+3	0,000000E+0
236	65,524000E+3	65,403000E+3	65,524000E+3	0,000000E+0
237	44,000000E+0	65,378000E+3	65,519000E+3	0,000000E+0
238	53,000000E+0	65,437000E+3	65,509000E+3	4,000000E+0
239	43,000000E+0	65,534000E+3	65,499000E+3	12,000000E+0
240	33,000000E+0	17,000000E+0	65,523000E+3	65,498000E+3
241	14,000000E+0	13,000000E+0	48,000000E+0	65,393000E+3
242	6,000000E+0	1,000000E+0	71,000000E+0	65,385000E+3
243	9,000000E+0	0,000000E+0	85,000000E+0	65,452000E+3
244	13,000000E+0	0,000000E+0	78,000000E+0	65,522000E+3
245	16,000000E+0	0,000000E+0	35,000000E+0	87,000000E+0
246	13,000000E+0	0,000000E+0	0,000000E+0	136,000000E+0
247	18,000000E+0	0,000000E+0	65,487000E+3	146,000000E+0
248	33,000000E+0	65,520000E+3	65,487000E+3	71,000000E+0
249	35,000000E+0	65,525000E+3	65,497000E+3	0,000000E+0
250	0,000000E+0	72,000000E+0	65,506000E+3	65,527000E+3
251	65,475000E+3	157,000000E+0	65,520000E+3	65,532000E+3
252	65,458000E+3	150,000000E+0	65,529000E+3	65,531000E+3
253	65,453000E+3	66,000000E+0	65,531000E+3	0,000000E+0
254	65,460000E+3	65,527000E+3	65,524000E+3	0,000000E+0
255	65,503000E+3	65,431000E+3	65,522000E+3	0,000000E+0
256	9,000000E+0	65,384000E+3	65,523000E+3	0,000000E+0
257	52,000000E+0	65,402000E+3	65,514000E+3	0,000000E+0
258	48,000000E+0	65,485000E+3	65,499000E+3	16,000000E+0
259	38,000000E+0	7,000000E+0	65,511000E+3	65,529000E+3
260	26,000000E+0	19,000000E+0	12,000000E+0	65,454000E+3
261	11,000000E+0	5,000000E+0	63,000000E+0	65,383000E+3
262	6,000000E+0	0,000000E+0	80,000000E+0	65,398000E+3
263	10,000000E+0	0,000000E+0	84,000000E+0	65,488000E+3
264	12,000000E+0	0,000000E+0	65,000000E+0	19,000000E+0
265	13,000000E+0	0,000000E+0	18,000000E+0	114,000000E+0
266	13,000000E+0	0,000000E+0	65,519000E+3	151,000000E+0
267	26,000000E+0	65,534000E+3	65,485000E+3	117,000000E+0
268	39,000000E+0	65,513000E+3	65,492000E+3	35,000000E+0
269	21,000000E+0	20,000000E+0	65,501000E+3	65,529000E+3
270	65,515000E+3	111,000000E+0	65,512000E+3	65,525000E+3
271	65,463000E+3	160,000000E+0	65,524000E+3	65,532000E+3
272	65,454000E+3	131,000000E+0	65,532000E+3	65,532000E+3
273	65,455000E+3	26,000000E+0	65,528000E+3	0,000000E+0
274	65,472000E+3	65,493000E+3	65,523000E+3	0,000000E+0
275	65,525000E+3	65,404000E+3	65,523000E+3	0,000000E+0
276	28,000000E+0	65,376000E+3	65,522000E+3	0,000000E+0
277	52,000000E+0	65,442000E+3	65,508000E+3	6,000000E+0
278	45,000000E+0	65,517000E+3	65,495000E+3	21,000000E+0
279	32,000000E+0	15,000000E+0	65,526000E+3	65,493000E+3
280	19,000000E+0	18,000000E+0	31,000000E+0	65,417000E+3
281	6,000000E+0	1,000000E+0	71,000000E+0	65,384000E+3
282	7,000000E+0	0,000000E+0	84,000000E+0	65,425000E+3
283	13,000000E+0	0,000000E+0	79,000000E+0	65,519000E+3
284	14,000000E+0	0,000000E+0	53,000000E+0	53,000000E+0
285	11,000000E+0	0,000000E+0	0,000000E+0	137,000000E+0
286	17,000000E+0	0,000000E+0	65,500000E+3	155,000000E+0
287	33,000000E+0	65,523000E+3	65,489000E+3	74,000000E+0
288	43,000000E+0	65,509000E+3	65,494000E+3	11,000000E+0
289	0,000000E+0	66,000000E+0	65,506000E+3	65,526000E+3
290	65,492000E+3	143,000000E+0	65,517000E+3	65,529000E+3
291	65,457000E+3	150,000000E+0	65,529000E+3	65,532000E+3
292	65,453000E+3	105,000000E+0	65,533000E+3	65,534000E+3
293	65,462000E+3	65,529000E+3	65,526000E+3	0,000000E+0
294	65,488000E+3	65,461000E+3	65,523000E+3	0,000000E+0
295	9,000000E+0	65,385000E+3	65,524000E+3	0,000000E+0
296	45,000000E+0	65,378000E+3	65,519000E+3	0,000000E+0
297	49,000000E+0	65,478000E+3	65,503000E+3	11,000000E+0
298	43,000000E+0	65,535000E+3	65,498000E+3	12,000000E+0
299	26,000000E+0	22,000000E+0	7,000000E+0	65,458000E+3
300	13,000000E+0	13,000000E+0	49,000000E+0	65,393000E+3
301	5,000000E+0	0,000000E+0	77,000000E+0	65,397000E+3
302	10,000000E+0	0,000000E+0	86,000000E+0	65,452000E+3
303	14,000000E+0	0,000000E+0	67,000000E+0	18,000000E+0
304	17,000000E+0	0,000000E+0	36,000000E+0	86,000000E+0
305	12,000000E+0	0,000000E+0	65,519000E+3	152,000000E+0
306	18,000000E+0	0,000000E+0	65,488000E+3	146,000000E+0
307	40,000000E+0	65,510000E+3	65,492000E+3	34,000000E+0
308	35,000000E+0	65,525000E+3	65,497000E+3	0,000000E+0
309	65,513000E+3	113,000000E+0	65,510000E+3	65,527000E+3
310	65,474000E+3	156,000000E+0	65,520000E+3	65,531000E+3
311	65,457000E+3	133,000000E+0	65,533000E+3	65,531000E+3
312	65,454000E+3	70,000000E+0	65,532000E+3	65,535000E+3
313	65,470000E+3	65,493000E+3	65,522000E+3	0,000000E+0
314	65,504000E+3	65,430000E+3	65,522000E+3	0,000000E+0
315	29,000000E+0	65,376000E+3	65,522000E+3	0,000000E+0
316	51,000000E+0	65,401000E+3	65,515000E+3	0,000000E+0
317	46,000000E+0	65,516000E+3	65,494000E+3	23,000000E+0
318	38,000000E+0	6,000000E+0	65,510000E+3	65,530000E+3
319	20,000000E+0	17,000000E+0	32,000000E+0	65,417000E+3
320	10,000000E+0	4,000000E+0	63,000000E+0	65,382000E+3
321	7,000000E+0	0,000000E+0	85,000000E+0	65,425000E+3
322	10,000000E+0	0,000000E+0	85,000000E+0	65,487000E+3
323	13,000000E+0	0,000000E+0	51,000000E+0	52,000000E+0
324	12,000000E+0	0,000000E+0	17,000000E+0	115,000000E+0
325	15,000000E+0	0,000000E+0	65,501000E+3	155,000000E+0
326	25,000000E+0	65,535000E+3	65,487000E+3	118,000000E+0
327	46,000000E+0	65,510000E+3	65,494000E+3	11,000000E+0
328	21,000000E+0	22,000000E+0	65,501000E+3	65,528000E+3
329	65,491000E+3	141,000000E+0	65,518000E+3	65,527000E+3
330	65,464000E+3	159,000000E+0	65,525000E+3	65,533000E+3
331	65,452000E+3	104,000000E+0	65,533000E+3	65,534000E+3
332	65,455000E+3	28,000000E+0	65,528000E+3	0,000000E+0
333	65,488000E+3	65,462000E+3	65,523000E+3	0,000000E+0
334	65,525000E+3	65,404000E+3	65,524000E+3	0,000000E+0
335	44,000000E+0	65,377000E+3	65,518000E+3	0,000000E+0
336	52,000000E+0	65,437000E+3	65,509000E+3	5,000000E+0
337	43,000000E+0	65,534000E+3	65,498000E+3	13,000000E+0
338	33,000000E+0	17,000000E+0	65,523000E+3	65,496000E+3
339	13,000000E+0	12,000000E+0	48,000000E+0	65,393000E+3
340	6,000000E+0	1,000000E+0	71,000000E+0	65,385000E+3
341	9,000000E+0	0,000000E+0	86,000000E+0	65,453000E+3
342	13,000000E+0	0,000000E+0	78,000000E+0	65,521000E+3
343	14,000000E+0	0,000000E+0	36,000000E+0	85,000000E+0
344	12,000000E+0	0,000000E+0	0,000000E+0	137,000000E+0
345	20,000000E+0	0,000000E+0	65,488000E+3	145,000000E+0
346	33,000000E+0	65,521000E+3	65,489000E+3	73,000000E+0
347	37,000000E+0	65,525000E+3	65,497000E+3	0,000000E+0
348	0,000000E+0	68,000000E+0	65,507000E+3	65,527000E+3
349	65,475000E+3	158,000000E+0	65,522000E+3	65,533000E+3
350	65,456000E+3	151,000000E+0	65,529000E+3	65,533000E+3
351	65,452000E+3	67,000000E+0	65,532000E+3	0,000000E+0
352	65,463000E+3	65,528000E+3	65,527000E+3	0,000000E+0
353	65,505000E+3	65,430000E+3	65,524000E+3	0,000000E+0
354	9,000000E+0	65,385000E+3	65,524000E+3	0,000000E+0
355	54,000000E+0	65,396000E+3	65,515000E+3	0,000000E+0
356	49,000000E+0	65,476000E+3	65,504000E+3	10,000000E+0
357	38,000000E+0	10,000000E+0	65,508000E+3	65,529000E+3
358	26,000000E+0	23,000000E+0	6,000000E+0	65,459000E+3
359	7,000000E+0	6,000000E+0	58,000000E+0	65,381000E+3
360	4,000000E+0	0,000000E+0	76,000000E+0	65,397000E+3
361	12,000000E+0	0,000000E+0	85,000000E+0	65,488000E+3
362	15,000000E+0	0,000000E+0	68,000000E+0	19,000000E+0
363	13,000000E+0	0,000000E+0	19,000000E+0	114,000000E+0
364	13,000000E+0	0,000000E+0	65,517000E+3	152,000000E+0
365	25,000000E+0	65,534000E+3	65,486000E+3	116,000000E+0
366	43,000000E+0	65,513000E+3	65,492000E+3	34,000000E+0
367	20,000000E+0	23,000000E+0	65,501000E+3	65,529000E+3
368	65,513000E+3	113,000000E+0	65,512000E+3	65,525000E+3
369	65,464000E+3	159,000000E+0	65,525000E+3	65,532000E+3
370	65,456000E+3	130,000000E+0	65,533000E+3	65,531000E+3
371	65,455000E+3	27,000000E+0	65,529000E+3	0,000000E+0
372	65,470000E+3	65,493000E+3	65,523000E+3	0,000000E+0
373	65,526000E+3	65,404000E+3	65,524000E+3	0,000000E+0
374	29,000000E+0	65,375000E+3	65,522000E+3	0,000000E+0
375	52,000000E+0	65,437000E+3	65,511000E+3	4,000000E+0
376	44,000000E+0	65,515000E+3	65,498000E+3	17,000000E+0
377	33,000000E+0	17,000000E+0	65,524000E+3	65,496000E+3
378	19,000000E+0	20,000000E+0	28,000000E+0	65,419000E+3
379	5,000000E+0	1,000000E+0	69,000000E+0	65,384000E+3
380	6,000000E+0	0,000000E+0	83,000000E+0	65,425000E+3
381	13,000000E+0	0,000000E+0	78,000000E+0	65,521000E+3
382	14,000000E+0	0,000000E+0	53,000000E+0	53,000000E+0
383	12,000000E+0	0,000000E+0	65,535000E+3	137,000000E+0
384	15,000000E+0	0,000000E+0	65,500000E+3	156,000000E+0
385	33,000000E+0	65,527000E+3	65,488000E+3	77,000000E+0
386	46,000000E+0	65,512000E+3	65,495000E+3	10,000000E+0
387	0,000000E+0	67,000000E+0	65,506000E+3	65,524000E+3
388	65,492000E+3	142,000000E+0	65,517000E+3	65,527000E+3
389	65,459000E+3	150,000000E+0	65,529000E+3	65,532000E+3
390	65,455000E+3	104,000000E+0	65,534000E+3	65,534000E+3
391	65,458000E+3	65,527000E+3	65,525000E+3	65,535000E+3
392	65,484000E+3	65,460000E+3	65,522000E+3	0,000000E+0
393	10,000000E+0	65,384000E+3	65,523000E+3	0,000000E+0
394	46,000000E+0	65,378000E+3	65,520000E+3	0,000000E+0
395	47,000000E+0	65,483000E+3	65,502000E+3	14,000000E+0
396	43,000000E+0	65,534000E+3	65,498000E+3	13,000000E+0
397	26,000000E+0	20,000000E+0	8,000000E+0	65,455000E+3
398	13,000000E+0	13,000000E+0	48,000000E+0	65,395000E+3
399	5,000000E+0	0,000000E+0	78,000000E+0	65,398000E+3
400	9,000000E+0	0,000000E+0	87,000000E+0	65,454000E+3
