0.0 0.0 0.0 0.0 0.0
0.05 0.0 0.047961647844804174 0.0 -0.047961647844804174
0.1 -0.023980823922402087 0.21582741530161878 0.07194247176720628 -0.263789063146423
0.15 -0.14388494353441256 0.4556356545256397 0.14388494353441256 -0.43165483060323756
0.2 -0.1918465913792167 0.4796164784480418 0.1678657674568146 -0.43165483060323756
0.25 -0.21582741530161878 0.4796164784480418 0.1918465913792167 -0.40767400668083553
0.3 -0.21582741530161878 0.4796164784480418 0.21582741530161878 -0.43165483060323756
0.35 -0.21582741530161878 0.4796164784480418 0.1678657674568146 -0.43165483060323756
0.4 -0.1918465913792167 0.4796164784480418 0.1678657674568146 -0.4556356545256397
0.45 -0.1918465913792167 0.4796164784480418 0.1678657674568146 -0.43165483060323756
0.5 -0.1918465913792167 0.4796164784480418 0.14388494353441256 -0.40767400668083553
0.55 -0.1678657674568146 0.40767400668083553 0.1678657674568146 -0.3836931827584334
0.6 -0.1678657674568146 0.40767400668083553 0.1678657674568146 -0.3836931827584334
0.65 -0.14388494353441256 0.4556356545256397 0.14388494353441256 -0.3597123588360313
0.7 -0.14388494353441256 0.43165483060323756 0.1678657674568146 -0.3597123588360313
0.75 -0.11990411961201045 0.40767400668083553 0.1678657674568146 -0.3597123588360313
0.8 -0.07194247176720628 0.40767400668083553 0.1678657674568146 -0.3836931827584334
0.85 -0.14388494353441256 0.3597123588360313 0.14388494353441256 -0.3836931827584334
0.9 -0.14388494353441256 0.3357315349136292 0.11990411961201045 -0.3597123588360313
0.95 -0.14388494353441256 0.3357315349136292 0.07194247176720628 -0.40767400668083553
1.0 -0.14388494353441256 0.3357315349136292 0.07194247176720628 -0.3836931827584334
1.05 -0.11990411961201045 0.3357315349136292 0.09592329568960835 -0.3597123588360313
1.1 -0.09592329568960835 0.3357315349136292 0.09592329568960835 -0.3597123588360313
1.15 -0.09592329568960835 0.31175071099122714 0.07194247176720628 -0.3357315349136292
1.2 -0.09592329568960835 0.31175071099122714 0.07194247176720628 -0.31175071099122714
1.25 -0.09592329568960835 0.2877698870688251 0.07194247176720628 -0.31175071099122714
1.3 -0.07194247176720628 0.2877698870688251 0.07194247176720628 -0.2877698870688251
1.35 -0.07194247176720628 0.2877698870688251 0.09592329568960835 -0.2877698870688251
1.4 -0.09592329568960835 0.263789063146423 0.09592329568960835 -0.2877698870688251
1.45 -0.09592329568960835 0.263789063146423 0.11990411961201045 -0.263789063146423
1.5 -0.11990411961201045 0.2398082392240209 0.11990411961201045 -0.263789063146423
1.55 -0.11990411961201045 0.21582741530161878 0.14388494353441256 -0.2398082392240209
1.6 -0.11990411961201045 0.2398082392240209 0.11990411961201045 -0.2398082392240209
1.65 -0.11990411961201045 0.263789063146423 0.11990411961201045 -0.263789063146423
1.7 -0.11990411961201045 0.2398082392240209 0.11990411961201045 -0.2398082392240209
1.75 -0.09592329568960835 0.1678657674568146 0.09592329568960835 -0.14388494353441256
1.8 -0.09592329568960835 0.14388494353441256 0.09592329568960835 -0.11990411961201045
1.85 -0.09592329568960835 0.14388494353441256 0.09592329568960835 -0.14388494353441256
1.9 -0.07194247176720628 0.14388494353441256 0.09592329568960835 -0.1678657674568146
1.95 -0.07194247176720628 0.1678657674568146 0.07194247176720628 -0.1678657674568146
2.0 -0.07194247176720628 0.1678657674568146 0.07194247176720628 -0.1678657674568146
2.05 -0.07194247176720628 0.11990411961201045 0.07194247176720628 -0.11990411961201045
2.1 -0.07194247176720628 0.09592329568960835 0.047961647844804174 -0.09592329568960835
2.15 -0.047961647844804174 0.09592329568960835 0.07194247176720628 -0.09592329568960835
2.2 -0.047961647844804174 0.09592329568960835 0.047961647844804174 -0.09592329568960835
2.25 -0.047961647844804174 0.09592329568960835 0.047961647844804174 -0.09592329568960835
2.3 -0.047961647844804174 0.09592329568960835 0.047961647844804174 -0.07194247176720628
2.35 -0.023980823922402087 0.047961647844804174 0.023980823922402087 -0.047961647844804174
2.4 -0.023980823922402087 0.023980823922402087 0.023980823922402087 -0.023980823922402087
2.45 -0.023980823922402087 0.023980823922402087 0.023980823922402087 0.0
2.5 0.0 0.0 0.0 0.0
2.55 0.0 0.0 0.0 0.0
2.6 0.0 0.0 0.0 0.0
2.65 0.0 0.0 0.0 0.0
2.7 0.0 0.0 0.0 0.0
2.75 0.0 0.0 0.0 0.0
2.8 0.0 0.0 0.0 0.0
2.85 0.0 0.0 0.0 0.0
2.9 0.0 0.0 0.0 0.0
2.95 0.0 0.0 0.0 0.0
3.0 0.0 0.0 0.0 0.0
3.05 0.0 0.0 0.0 0.0
3.1 0.0 0.0 0.0 0.0
3.15 0.0 0.0 0.0 0.0
3.2 0.0 0.0 0.0 0.0
3.25 0.0 0.0 0.0 0.0
3.3 0.0 0.0 0.0 0.0
3.35 0.0 0.0 0.0 0.0
3.4 0.0 0.0 0.0 0.0
3.45 0.0 0.0 0.0 0.0
3.5 0.0 0.0 0.0 0.0
3.55 0.0 0.0 0.0 0.0
3.6 0.0 0.0 0.0 0.0
3.65 0.0 0.0 0.0 0.0
3.7 0.0 0.0 0.0 0.0
3.75 0.0 0.0 0.0 0.0
3.8 0.0 0.0 0.0 0.0
3.85 0.0 0.0 0.0 0.0
3.9 0.0 0.0 0.0 0.0
3.95 0.0 0.0 0.0 0.0
4.0 0.0 0.0 0.0 0.0
4.05 0.0 0.0 0.0 0.0
4.1 0.0 0.0 0.0 0.0
4.15 0.0 0.0 0.0 0.0
4.2 0.0 0.0 0.0 0.0
4.25 0.0 0.0 0.0 0.0
4.3 0.0 0.0 0.0 0.0
4.35 0.0 0.0 0.0 0.0
4.4 0.0 0.0 0.0 0.0
4.45 0.0 0.0 0.0 0.0
4.5 0.0 0.0 0.0 0.0
4.55 0.0 0.0 0.0 0.0
4.6 0.0 0.0 0.0 0.0
4.65 0.0 0.0 0.0 0.0
4.7 0.0 0.0 0.0 0.0
4.75 0.0 0.0 0.0 0.0
4.8 0.0 0.0 0.0 0.0
4.85 0.0 0.0 0.0 0.0
4.9 0.0 0.0 0.0 0.0
4.95 0.0 0.0 0.0 0.0
5.0 0.0 0.0 0.0 0.0
5.05 0.0 0.0 0.0 0.0
5.1 -0.023980823922402087 0.09592329568960835 0.1918465913792167 -0.43165483060323756
5.15 -0.023980823922402087 0.31175071099122714 1.103117900430496 -2.2302166247833943
5.2 0.0 0.1678657674568146 1.7026384984905483 -3.1894495816794777
5.25 0.0 0.0 1.942446737714569 -2.733813927153838
5.3 0.0 0.0 1.6067152028009397 -1.5587535549561358
5.35 0.047961647844804174 0.0 0.7194247176720626 0.6235014219824543
5.4 0.09592329568960835 0.0 0.0 2.0863316812489816
5.45 0.2398082392240209 0.0 -1.0071946047408877 3.4772194687483027
5.5 0.4556356545256397 -0.09592329568960835 -1.342926139654517 3.0215838142226636
5.55 0.8633096612064751 -0.7434055415944647 -1.318945315732115 0.6714630698272585
5.6 0.6714630698272585 -0.023980823922402087 -1.127098724352898 0.14388494353441256
5.65 -0.6235014219824543 2.781775574998642 -0.6235014219824543 0.0
5.7 -1.4868110831889294 3.8369318275843343 -0.31175071099122714 0.0
5.75 -2.0143892094817755 3.069545462067467 -0.09592329568960835 0.0
5.8 -2.038370033404177 1.6067152028009397 -0.11990411961201045 0.0
5.85 -1.366906963576919 -0.9592329568960836 -0.1918465913792167 0.0
5.9 -0.5755397741376502 -2.5419673357746215 -0.2398082392240209 0.0
5.95 0.6714630698272585 -3.8369318275843343 -0.3597123588360313 0.0
6.0 1.1750603721977022 -3.3812961730586943 -0.527578126292846 0.0
6.05 1.0791370765080939 -0.5755397741376502 -0.9592329568960836 0.31175071099122714
6.1 0.9112713090512794 0.263789063146423 -0.7194247176720626 -0.1678657674568146
6.15 0.527578126292846 0.40767400668083553 0.5995205980600523 -2.8537180467658487
6.2 0.263789063146423 0.1918465913792167 1.390887787499321 -3.6690660601275193
6.25 0.2398082392240209 0.0 1.942446737714569 -2.7098331032314364
6.3 0.43165483060323756 0.0 2.0143892094817755 -1.1750603721977022
6.35 0.31175071099122714 0.0 1.342926139654517 1.2709836678873108
6.4 0.2877698870688251 0.0 0.5755397741376502 2.781775574998642
6.45 0.3597123588360313 0.0 -0.8153480133616711 3.6450852362051176
6.5 0.5995205980600523 -0.40767400668083553 -1.2470028439649086 2.18225497693859
6.55 0.7194247176720626 -0.5995205980600523 -1.2949644918097125 0.263789063146423
6.6 0.31175071099122714 0.8153480133616711 -0.9592329568960836 0.0
6.65 -0.9352521329736816 3.4292578209034987 -0.4796164784480418 0.0
6.7 -1.6306960267233421 3.980816771118747 -0.1678657674568146 0.0
6.75 -2.0863316812489816 2.3980823922402092 -0.2877698870688251 0.0
6.8 -2.0863316812489816 0.6235014219824543 -0.3357315349136292 0.0
6.85 -1.1510795482753005 -1.7745809702577546 -0.21582741530161878 0.0
6.9 -0.14388494353441256 -3.1654687577570755 -0.21582741530161878 0.0
6.95 1.0071946047408877 -3.5251811165931075 -0.3597123588360313 0.023980823922402087
7.0 1.1750603721977022 -1.7506001463353524 -0.6474822459048563 0.5035973023704439
7.05 1.0791370765080939 -0.21582741530161878 -0.8153480133616711 0.2398082392240209
7.1 0.8393288372840731 0.047961647844804174 -0.09592329568960835 -1.1510795482753005
7.15 0.4796164784480418 0.047961647844804174 1.2949644918097125 -3.4052769969810965
7.2 0.14388494353441256 0.11990411961201045 1.5827343788785377 -3.5731427644379115
7.25 0.07194247176720628 -0.047961647844804174 1.8705042659473632 -2.0623508573265794
7.3 0.2877698870688251 0.0 1.942446737714569 -0.2877698870688251
7.35 0.43165483060323756 0.0 1.0791370765080939 2.0863316812489816
7.4 0.2398082392240209 0.0 0.047961647844804174 3.3093537012914878
7.45 0.40767400668083553 0.0 -1.1990411961201046 3.4532386448259005
7.5 0.8153480133616711 -0.40767400668083553 -1.1990411961201046 1.7985617941801566
7.55 0.8633096612064751 -0.31175071099122714 -0.9112713090512794 0.0
7.6 0.0 1.7026384984905483 -0.7194247176720626 -0.1918465913792167
7.65 -1.4628302592665274 3.78897017973953 -0.40767400668083553 -0.09592329568960835
7.7 -1.9904083855593735 3.5491619405155093 -0.263789063146423 0.0
7.75 -2.0623508573265794 1.6067152028009397 -0.21582741530161878 0.0
7.8 -1.7266193224129502 -0.11990411961201045 -0.2398082392240209 0.0
7.85 -0.5995205980600523 -2.5659481596970233 -0.2877698870688251 0.0
7.9 0.2398082392240209 -3.6450852362051176 -0.3357315349136292 0.0
7.95 1.103117900430496 -3.1414879338346737 -0.5035973023704439 0.023980823922402087
8.0 1.127098724352898 -1.0791370765080939 -0.8153480133616711 0.43165483060323756
8.05 0.9112713090512794 0.09592329568960835 -0.5995205980600523 -0.2877698870688251
8.1 0.6474822459048563 0.31175071099122714 0.2877698870688251 -2.134293329093786
8.15 0.31175071099122714 0.09592329568960835 1.5587535549561358 -3.6690660601275193
8.2 0.1678657674568146 0.0 1.9664275616369715 -3.3093537012914878
8.25 0.21582741530161878 0.0 1.9664275616369715 -1.1990411961201046
8.3 0.263789063146423 0.0 1.5587535549561358 0.4556356545256397
8.35 0.31175071099122714 0.0 0.40767400668083553 2.75779475107624
8.4 0.3357315349136292 0.0 -0.40767400668083553 3.6450852362051176
8.45 0.6474822459048563 -0.07194247176720628 -1.1750603721977022 2.75779475107624
8.5 0.9592329568960836 -0.6235014219824543 -1.055156252585692 0.8393288372840731
8.55 0.4796164784480418 0.5755397741376502 -0.8393288372840731 -0.11990411961201045
8.6 -0.551558950215248 2.781775574998642 -0.5755397741376502 -0.21582741530161878
8.65 -1.7745809702577546 3.812951003661932 -0.31175071099122714 -0.047961647844804174
8.7 -2.038370033404177 3.0935262859898693 -0.1678657674568146 -0.047961647844804174
8.75 -1.942446737714569 0.7434055415944647 -0.1918465913792167 0.0
8.8 -1.4388494353441252 -1.0071946047408877 -0.263789063146423 0.0
8.85 -0.21582741530161878 -3.1414879338346737 -0.263789063146423 0.0
8.9 0.6714630698272585 -3.860912651506736 -0.3357315349136292 0.0
8.95 1.1990411961201046 -2.206235800860992 -0.6714630698272585 0.1678657674568146
9.0 1.103117900430496 -0.43165483060323756 -1.0071946047408877 0.5035973023704439
9.05 0.7673863655168668 0.2877698870688251 -0.1918465913792167 -1.055156252585692
9.1 0.4796164784480418 0.3597123588360313 0.7434055415944647 -2.9016796946106522
9.15 0.11990411961201045 0.023980823922402087 1.6067152028009397 -3.621104412282715
9.2 0.14388494353441256 0.0 1.9664275616369715 -2.75779475107624
9.25 0.3357315349136292 0.0 1.942446737714569 -0.3836931827584334
9.3 0.3836931827584334 0.0 1.366906963576919 1.2709836678873108
9.35 0.263789063146423 0.0 0.0 3.285372877369086
9.4 0.3357315349136292 0.0 -0.9112713090512794 3.7170277079723237
9.45 0.7913671894392689 -0.3597123588360313 -1.1510795482753005 1.7506001463353524
9.5 1.055156252585692 -0.6954438937496605 -1.0071946047408877 0.2398082392240209
9.55 0.0 1.7026384984905483 -0.7194247176720626 -0.2398082392240209
9.6 -1.055156252585692 3.4532386448259005 -0.4796164784480418 -0.1918465913792167
9.65 -1.942446737714569 3.597123588360313 -0.21582741530161878 -0.047961647844804174
9.7 -2.0863316812489816 2.422063216162611 -0.14388494353441256 -0.023980823922402087
9.75 -1.7506001463353524 -0.14388494353441256 -0.263789063146423 0.0
9.8 -1.0791370765080939 -1.8225426181025588 -0.2877698870688251 0.0
9.85 0.21582741530161878 -3.621104412282715 -0.31175071099122714 0.0
9.9 1.055156252585692 -3.764989355817128 -0.4796164784480418 0.0
9.95 1.103117900430496 -1.1510795482753005 -0.7913671894392689 0.40767400668083553
10.0 1.0311754286632897 -0.07194247176720628 -0.8633096612064751 0.3357315349136292
10.05 0.6474822459048563 0.3836931827584334 0.263789063146423 -2.0143892094817755
10.1 0.3836931827584334 0.263789063146423 1.1750603721977022 -3.3812961730586943
10.15 0.09592329568960835 0.0 1.8225426181025588 -3.3812961730586943
10.2 0.21582741530161878 0.0 2.0863316812489816 -1.9904083855593735
10.25 0.31175071099122714 0.0 1.6546768506457439 0.43165483060323756
10.3 0.3357315349136292 0.0 0.8872904851288773 2.0143892094817755
10.35 0.263789063146423 0.0 -0.4556356545256397 3.621104412282715
10.4 0.43165483060323756 0.0 -1.1750603721977022 3.501200292670705
10.45 0.9832137808184858 -0.527578126292846 -1.0791370765080939 0.9112713090512794
10.5 0.9592329568960836 -0.31175071099122714 -0.9352521329736816 0.0
10.55 -0.527578126292846 2.63789063146423 -0.5755397741376502 -0.2877698870688251
10.6 -1.4628302592665274 3.812951003661932 -0.3357315349136292 -0.11990411961201045
10.65 -2.0143892094817755 3.1414879338346737 -0.11990411961201045 -0.047961647844804174
10.7 -2.038370033404177 1.5827343788785377 -0.1678657674568146 0.0
10.75 -1.4628302592665274 -0.9832137808184858 -0.2877698870688251 0.0
10.8 -0.7194247176720626 -2.5419673357746215 -0.31175071099122714 0.0
10.85 0.6714630698272585 -3.860912651506736 -0.3597123588360313 0.0
10.9 1.2230220200425066 -3.285372877369086 -0.527578126292846 0.0
10.95 1.103117900430496 -0.4556356545256397 -1.0071946047408877 0.4556356545256397
11.0 0.9112713090512794 0.1918465913792167 -0.6235014219824543 -0.1918465913792167
11.05 0.4796164784480418 0.40767400668083553 0.7434055415944647 -2.8537180467658487
11.1 0.2398082392240209 0.11990411961201045 1.5107919071113318 -3.6690660601275193
11.15 0.1918465913792167 0.0 2.038370033404177 -2.685852279309034
11.2 0.2877698870688251 0.0 2.038370033404177 -1.1990411961201046
11.25 0.31175071099122714 0.0 1.2470028439649086 1.2470028439649086
11.3 0.2877698870688251 0.0 0.40767400668083553 2.7098331032314364
11.35 0.40767400668083553 0.0 -0.8633096612064751 3.7170277079723237
11.4 0.6235014219824543 -0.07194247176720628 -1.1990411961201046 2.75779475107624
11.45 1.0071946047408877 -0.6954438937496605 -1.0071946047408877 0.2398082392240209
11.5 0.4796164784480418 0.5755397741376502 -0.8393288372840731 -0.11990411961201045
11.55 -1.055156252585692 3.4292578209034987 -0.4556356545256397 -0.1678657674568146
11.6 -1.7506001463353524 3.764989355817128 -0.263789063146423 -0.09592329568960835
11.65 -1.9904083855593735 2.494005687929817 -0.07194247176720628 -0.07194247176720628
11.7 -1.9184659137921671 0.6714630698272585 -0.1678657674568146 0.0
11.75 -1.1750603721977022 -1.8225426181025588 -0.31175071099122714 0.0
11.8 -0.2877698870688251 -3.1894495816794777 -0.2877698870688251 0.0
11.85 1.055156252585692 -3.78897017973953 -0.40767400668083553 0.0
11.9 1.2709836678873108 -2.3741015683178066 -0.6474822459048563 0.09592329568960835
11.95 1.0311754286632897 -0.047961647844804174 -0.8872904851288773 0.2877698870688251
12.0 0.7913671894392689 0.40767400668083553 -0.31175071099122714 -0.9112713090512794
12.05 0.3357315349136292 0.31175071099122714 1.1510795482753005 -3.4292578209034987
12.1 0.14388494353441256 0.023980823922402087 1.7026384984905483 -3.621104412282715
12.15 0.21582741530161878 0.0 2.038370033404177 -2.0143892094817755
12.2 0.31175071099122714 0.0 1.8705042659473632 -0.3357315349136292
12.25 0.3836931827584334 0.0 0.8393288372840731 2.0863316812489816
12.3 0.31175071099122714 0.0 0.0 3.2613920534466843
12.35 0.43165483060323756 0.0 -1.1750603721977022 3.501200292670705
12.4 0.7913671894392689 -0.3836931827584334 -1.1750603721977022 1.7026384984905483
12.45 0.8393288372840731 -0.263789063146423 -0.9352521329736816 0.0
12.5 0.0 1.7266193224129502 -0.7194247176720626 -0.21582741530161878
12.55 -1.4628302592665274 3.764989355817128 -0.3836931827584334 -0.09592329568960835
12.6 -1.8705042659473632 3.597123588360313 -0.1678657674568146 -0.11990411961201045
12.65 -1.9904083855593735 1.5827343788785377 -0.11990411961201045 0.0
12.7 -1.8225426181025588 -0.21582741530161878 -0.2877698870688251 0.0
12.75 -0.7913671894392689 -2.5179865118522193 -0.3357315349136292 0.0
12.8 0.21582741530161878 -3.6450852362051176 -0.31175071099122714 0.0
12.85 1.2470028439649086 -3.2134304056018794 -0.527578126292846 0.0
12.9 1.1510795482753005 -1.2230220200425066 -0.8872904851288773 0.3836931827584334
12.95 0.9112713090512794 0.1678657674568146 -0.5995205980600523 -0.1678657674568146
13.0 0.6235014219824543 0.4556356545256397 0.2877698870688251 -1.9664275616369715
13.05 0.263789063146423 0.11990411961201045 1.5107919071113318 -3.6690660601275193
13.1 0.14388494353441256 0.0 1.9184659137921671 -3.3093537012914878
13.15 0.2398082392240209 0.0 2.0143892094817755 -1.1510795482753005
13.2 0.2877698870688251 0.0 1.5587535549561358 0.4556356545256397
13.25 0.31175071099122714 0.0 0.43165483060323756 2.733813927153838
13.3 0.31175071099122714 0.0 -0.40767400668083553 3.621104412282715
13.35 0.6235014219824543 -0.047961647844804174 -1.2230220200425066 2.805756398921045
13.4 0.9352521329736816 -0.551558950215248 -1.055156252585692 0.8393288372840731
13.45 0.5035973023704439 0.4796164784480418 -0.8393288372840731 -0.1678657674568146
13.5 -0.5035973023704439 2.6618714553866316 -0.5755397741376502 -0.263789063146423
13.55 -1.7506001463353524 3.8369318275843343 -0.2877698870688251 -0.09592329568960835
13.6 -1.9664275616369715 3.1414879338346737 -0.09592329568960835 -0.09592329568960835
13.65 -1.942446737714569 0.6235014219824543 -0.1918465913792167 0.0
13.7 -1.5347727310337336 -1.0311754286632897 -0.31175071099122714 0.0
13.75 -0.263789063146423 -3.1654687577570755 -0.31175071099122714 0.0
13.8 0.6714630698272585 -3.8369318275843343 -0.3357315349136292 0.0
13.85 1.2470028439649086 -2.254197448705796 -0.6714630698272585 0.14388494353441256
13.9 1.0791370765080939 -0.4556356545256397 -0.9832137808184858 0.5035973023704439
13.95 0.7673863655168668 0.3597123588360313 -0.2398082392240209 -1.0311754286632897
14.0 0.4556356545256397 0.43165483060323756 0.7434055415944647 -2.8537180467658487
14.05 0.14388494353441256 0.023980823922402087 1.7026384984905483 -3.6450852362051176
14.1 0.1678657674568146 0.0 2.0143892094817755 -2.6618714553866316
14.15 0.31175071099122714 0.0 1.894485089869765 -0.40767400668083553
14.2 0.3357315349136292 0.0 1.2709836678873108 1.2709836678873108
14.25 0.263789063146423 0.0 0.0 3.285372877369086
14.3 0.40767400668083553 0.0 -0.8633096612064751 3.7170277079723237
14.35 0.7913671894392689 -0.31175071099122714 -1.127098724352898 1.7745809702577546
14.4 1.0311754286632897 -0.6474822459048563 -1.0071946047408877 0.263789063146423
14.45 0.0 1.5827343788785377 -0.7194247176720626 -0.2398082392240209
14.5 -1.055156252585692 3.4292578209034987 -0.4556356545256397 -0.1678657674568146
14.55 -1.894485089869765 3.597123588360313 -0.1678657674568146 -0.09592329568960835
14.6 -1.9904083855593735 2.5179865118522193 -0.07194247176720628 -0.047961647844804174
14.65 -1.7745809702577546 -0.1678657674568146 -0.2398082392240209 0.0
14.7 -1.1510795482753005 -1.7985617941801566 -0.31175071099122714 0.0
14.75 0.21582741530161878 -3.621104412282715 -0.2877698870688251 0.0
14.8 1.0791370765080939 -3.78897017973953 -0.40767400668083553 0.0
14.85 1.1750603721977022 -1.390887787499321 -0.7913671894392689 0.263789063146423
14.9 1.0311754286632897 -0.023980823922402087 -0.9112713090512794 0.2877698870688251
14.95 0.6235014219824543 0.527578126292846 0.1678657674568146 -1.8705042659473632
15.0 0.31175071099122714 0.31175071099122714 1.1750603721977022 -3.4292578209034987
15.05 0.11990411961201045 0.0 1.8465234420249605 -3.3333345252138904
15.1 0.2398082392240209 0.0 2.0623508573265794 -2.0143892094817755
15.15 0.3357315349136292 0.0 1.6067152028009397 0.43165483060323756
15.2 0.40767400668083553 0.0 0.8633096612064751 2.0623508573265794
15.25 0.2877698870688251 0.0 -0.40767400668083553 3.6450852362051176
15.3 0.43165483060323756 0.0 -1.1510795482753005 3.501200292670705
15.35 0.9592329568960836 -0.6235014219824543 -1.055156252585692 0.8153480133616711
15.4 0.8393288372840731 -0.263789063146423 -0.9352521329736816 0.0
15.45 -0.551558950215248 2.7098331032314364 -0.6235014219824543 -0.21582741530161878
15.5 -1.4868110831889294 3.7410085318947264 -0.3836931827584334 -0.11990411961201045
15.55 -1.894485089869765 3.1894495816794777 -0.07194247176720628 -0.11990411961201045
15.6 -1.9664275616369715 1.6786576745681463 -0.09592329568960835 -0.023980823922402087
15.65 -1.5827343788785377 -1.0311754286632897 -0.3357315349136292 0.0
15.7 -0.7673863655168668 -2.5419673357746215 -0.3357315349136292 0.0
15.75 0.6954438937496605 -3.8369318275843343 -0.3357315349136292 0.0
15.8 1.2230220200425066 -3.237411229524282 -0.5035973023704439 0.0
15.85 1.103117900430496 -0.4796164784480418 -1.0071946047408877 0.551558950215248
15.9 0.9112713090512794 0.14388494353441256 -0.6235014219824543 -0.14388494353441256
15.95 0.4796164784480418 0.40767400668083553 0.7673863655168668 -2.8537180467658487
16.0 0.2398082392240209 0.09592329568960835 1.5107919071113318 -3.693046884049921
16.05 0.1678657674568146 0.0 2.038370033404177 -2.6618714553866316
16.1 0.2398082392240209 0.0 2.038370033404177 -1.1750603721977022
16.15 0.31175071099122714 0.0 1.2230220200425066 1.2470028439649086
16.2 0.2877698870688251 0.0 0.40767400668083553 2.75779475107624
16.25 0.3597123588360313 0.0 -0.8393288372840731 3.7170277079723237
16.3 0.5995205980600523 -0.023980823922402087 -1.1750603721977022 2.8297372228434465
16.35 1.103117900430496 -0.6235014219824543 -1.0071946047408877 0.263789063146423
16.4 0.5035973023704439 0.527578126292846 -0.8393288372840731 -0.1918465913792167
16.45 -1.0791370765080939 3.3812961730586943 -0.43165483060323756 -0.21582741530161878
16.5 -1.7266193224129502 3.812951003661932 -0.263789063146423 -0.07194247176720628
16.55 -2.0143892094817755 2.494005687929817 -0.07194247176720628 -0.047961647844804174
16.6 -1.942446737714569 0.6714630698272585 -0.1918465913792167 0.0
16.65 -1.1510795482753005 -1.7745809702577546 -0.31175071099122714 0.0
16.7 -0.263789063146423 -3.1654687577570755 -0.2877698870688251 0.0
16.75 1.055156252585692 -3.812951003661932 -0.43165483060323756 0.0
16.8 1.2470028439649086 -2.3741015683178066 -0.6474822459048563 0.11990411961201045
16.85 1.0311754286632897 -0.047961647844804174 -0.9112713090512794 0.31175071099122714
16.9 0.7913671894392689 0.40767400668083553 -0.31175071099122714 -0.9592329568960836
16.95 0.31175071099122714 0.2877698870688251 1.1510795482753005 -3.4292578209034987
17.0 0.14388494353441256 0.023980823922402087 1.7026384984905483 -3.621104412282715
17.05 0.21582741530161878 0.0 2.0623508573265794 -1.9904083855593735
17.1 0.31175071099122714 0.0 1.8705042659473632 -0.3597123588360313
17.15 0.3357315349136292 0.0 0.8633096612064751 2.038370033404177
17.2 0.2877698870688251 0.0 0.0 3.285372877369086
17.25 0.4796164784480418 0.0 -1.1510795482753005 3.4772194687483027
17.3 0.7913671894392689 -0.3597123588360313 -1.127098724352898 1.7506001463353524
17.35 0.8872904851288773 -0.263789063146423 -0.9352521329736816 0.0
17.4 0.0 1.6306960267233421 -0.6954438937496605 -0.21582741530161878
17.45 -1.4628302592665274 3.78897017973953 -0.3357315349136292 -0.07194247176720628
17.5 -1.9184659137921671 3.621104412282715 -0.1678657674568146 -0.07194247176720628
17.55 -2.0143892094817755 1.6067152028009397 -0.09592329568960835 0.0
17.6 -1.7506001463353524 -0.1918465913792167 -0.21582741530161878 0.0
17.65 -0.7434055415944647 -2.5419673357746215 -0.2877698870688251 0.0
17.7 0.21582741530161878 -3.621104412282715 -0.2877698870688251 0.0
17.75 1.2949644918097125 -3.3573153491362926 -0.5035973023704439 0.0
17.8 1.1750603721977022 -1.4388494353441252 -0.7673863655168668 0.2398082392240209
17.85 0.9112713090512794 0.2398082392240209 -0.6714630698272585 -0.1678657674568146
17.9 0.6235014219824543 0.551558950215248 0.14388494353441256 -1.8465234420249605
17.95 0.1678657674568146 0.14388494353441256 1.390887787499321 -3.7170277079723237
18.0 0.09592329568960835 0.0 1.8225426181025588 -3.3333345252138904
18.05 0.2877698870688251 0.0 2.038370033404177 -1.1510795482753005
18.1 0.3597123588360313 0.0 1.6306960267233421 0.4556356545256397
18.15 0.31175071099122714 0.0 0.4556356545256397 2.733813927153838
18.2 0.31175071099122714 0.0 -0.4556356545256397 3.6450852362051176
18.25 0.5995205980600523 -0.047961647844804174 -1.1990411961201046 2.781775574998642
18.3 1.0311754286632897 -0.551558950215248 -1.055156252585692 0.8153480133616711
18.35 0.4796164784480418 0.551558950215248 -0.8393288372840731 -0.1678657674568146
18.4 -0.551558950215248 2.7098331032314364 -0.5755397741376502 -0.263789063146423
18.45 -1.7266193224129502 3.812951003661932 -0.263789063146423 -0.09592329568960835
18.5 -1.9184659137921671 3.1175071099122715 -0.07194247176720628 -0.11990411961201045
18.55 -1.942446737714569 0.6474822459048563 -0.1678657674568146 0.0
18.6 -1.5827343788785377 -1.0311754286632897 -0.31175071099122714 0.0
18.65 -0.2398082392240209 -3.1654687577570755 -0.2877698870688251 0.0
18.7 0.6954438937496605 -3.860912651506736 -0.3357315349136292 0.0
18.75 1.2470028439649086 -2.3741015683178066 -0.5995205980600523 0.09592329568960835
18.8 1.055156252585692 -0.5035973023704439 -0.9112713090512794 0.40767400668083553
18.85 0.7913671894392689 0.40767400668083553 -0.2877698870688251 -0.9592329568960836
18.9 0.4556356545256397 0.4796164784480418 0.6714630698272585 -2.805756398921045
18.95 0.11990411961201045 0.023980823922402087 1.6546768506457439 -3.6450852362051176
19.0 0.14388494353441256 0.0 1.9904083855593735 -2.6618714553866316
19.05 0.31175071099122714 0.0 1.8705042659473632 -0.3597123588360313
19.1 0.3357315349136292 0.0 1.2709836678873108 1.2709836678873108
19.15 0.2877698870688251 0.0 -0.023980823922402087 3.285372877369086
19.2 0.3597123588360313 0.0 -0.8633096612064751 3.7410085318947264
19.25 0.7913671894392689 -0.21582741530161878 -1.1510795482753005 1.8465234420249605
19.3 1.103117900430496 -0.5755397741376502 -0.9832137808184858 0.2398082392240209
19.35 0.0 1.6067152028009397 -0.7194247176720626 -0.2877698870688251
19.4 -1.055156252585692 3.4052769969810965 -0.4556356545256397 -0.21582741530161878
19.45 -1.8465234420249605 3.597123588360313 -0.1678657674568146 -0.09592329568960835
19.5 -1.942446737714569 2.494005687929817 -0.047961647844804174 -0.047961647844804174
19.55 -1.8705042659473632 -0.21582741530161878 -0.263789063146423 -0.023980823922402087
19.6 -1.2470028439649086 -1.8225426181025588 -0.3357315349136292 0.0
19.65 0.2398082392240209 -3.6450852362051176 -0.31175071099122714 0.0
19.7 1.103117900430496 -3.78897017973953 -0.3836931827584334 0.0
19.75 1.127098724352898 -1.2709836678873108 -0.8153480133616711 0.3357315349136292
19.8 1.0311754286632897 -0.047961647844804174 -0.9112713090512794 0.31175071099122714
19.85 0.6235014219824543 0.4796164784480418 0.1918465913792167 -1.942446737714569
19.9 0.31175071099122714 0.31175071099122714 1.1510795482753005 -3.3812961730586943
19.95 0.11990411961201045 0.0 1.8705042659473632 -3.3093537012914878
20.0 0.21582741530161878 0.0 2.0863316812489816 -1.9664275616369715
